START OF LRA
   5.0                                                     DAZI
   0.0   90.0    5.0                                       ZEN1 / ZEN2 / DZEN
1064.0                                                     WAVELENGTH
   0.0  -20.06  -19.94  -19.55  -18.90  -17.99  -17.28  -18.63  -19.89  -20.87  -21.57  -21.99  -22.12  -21.96  -21.52  -20.79  -19.78  -18.50  -16.94  -15.50
   5.0  -20.06  -19.94  -19.55  -18.90  -17.99  -17.47  -19.15  -20.48  -21.54  -22.30  -22.78  -22.96  -22.86  -22.46  -21.77  -20.79  -19.53  -17.99  -16.57
  10.0  -20.06  -19.94  -19.55  -18.90  -17.99  -17.68  -19.74  -21.16  -22.29  -23.13  -23.67  -23.92  -23.87  -23.52  -22.88  -21.94  -20.71  -19.19  -17.78
  15.0  -20.06  -19.94  -19.55  -18.90  -17.99  -17.85  -20.21  -21.69  -22.88  -23.78  -24.38  -24.67  -24.67  -24.36  -23.75  -22.84  -21.63  -20.13  -18.73
  20.0  -20.06  -19.94  -19.55  -18.90  -17.99  -17.97  -20.55  -22.08  -23.31  -24.25  -24.89  -25.22  -25.24  -24.96  -24.37  -23.48  -22.29  -20.81  -19.41
  25.0  -20.06  -19.94  -19.55  -18.90  -17.99  -18.05  -20.75  -22.31  -23.58  -24.54  -25.20  -25.55  -25.59  -25.33  -24.76  -23.88  -22.70  -21.22  -19.83
  30.0  -20.06  -19.94  -19.55  -18.90  -17.99  -18.07  -20.83  -22.40  -23.67  -24.64  -25.31  -25.67  -25.72  -25.46  -24.89  -24.02  -22.84  -21.37  -19.98
  35.0  -20.06  -19.94  -19.55  -18.90  -17.99  -18.05  -20.77  -22.33  -23.59  -24.56  -25.22  -25.57  -25.62  -25.35  -24.78  -23.90  -22.72  -21.25  -19.86
  40.0  -20.06  -19.94  -19.55  -18.90  -17.99  -17.98  -20.57  -22.11  -23.35  -24.29  -24.93  -25.26  -25.29  -25.01  -24.42  -23.53  -22.35  -20.86  -19.47
  45.0  -20.06  -19.94  -19.55  -18.90  -17.99  -17.87  -20.25  -21.74  -22.94  -23.84  -24.44  -24.74  -24.73  -24.43  -23.82  -22.91  -21.71  -20.21  -18.81
  50.0  -20.06  -19.94  -19.55  -18.90  -17.99  -17.70  -19.80  -21.22  -22.36  -23.20  -23.75  -24.01  -23.96  -23.62  -22.98  -22.04  -20.81  -19.30  -17.89
  55.0  -20.06  -19.94  -19.55  -18.90  -17.99  -17.50  -19.22  -20.56  -21.62  -22.39  -22.87  -23.07  -22.97  -22.57  -21.89  -20.92  -19.66  -18.12  -16.70
  60.0  -20.06  -19.94  -19.55  -18.90  -17.99  -17.30  -18.67  -19.93  -20.92  -21.62  -22.04  -22.18  -22.02  -21.59  -20.86  -19.86  -18.57  -17.01  -15.57
  65.0  -20.06  -19.94  -19.55  -18.90  -17.99  -17.47  -19.15  -20.48  -21.54  -22.30  -22.78  -22.96  -22.86  -22.46  -21.77  -20.79  -19.53  -17.99  -16.57
  70.0  -20.06  -19.94  -19.55  -18.90  -17.99  -17.68  -19.74  -21.16  -22.29  -23.13  -23.67  -23.92  -23.87  -23.52  -22.88  -21.94  -20.71  -19.19  -17.78
  75.0  -20.06  -19.94  -19.55  -18.90  -17.99  -17.85  -20.21  -21.69  -22.88  -23.78  -24.38  -24.67  -24.67  -24.36  -23.75  -22.84  -21.63  -20.13  -18.73
  80.0  -20.06  -19.94  -19.55  -18.90  -17.99  -17.97  -20.55  -22.08  -23.31  -24.25  -24.89  -25.22  -25.24  -24.96  -24.37  -23.48  -22.29  -20.81  -19.41
  85.0  -20.06  -19.94  -19.55  -18.90  -17.99  -18.05  -20.75  -22.31  -23.58  -24.54  -25.20  -25.55  -25.59  -25.33  -24.76  -23.88  -22.70  -21.22  -19.83
  90.0  -20.06  -19.94  -19.55  -18.90  -17.99  -18.07  -20.83  -22.40  -23.67  -24.64  -25.31  -25.67  -25.72  -25.46  -24.89  -24.02  -22.84  -21.37  -19.98
  95.0  -20.06  -19.94  -19.55  -18.90  -17.99  -18.05  -20.77  -22.33  -23.59  -24.56  -25.22  -25.57  -25.62  -25.35  -24.78  -23.90  -22.72  -21.25  -19.86
 100.0  -20.06  -19.94  -19.55  -18.90  -17.99  -17.98  -20.57  -22.11  -23.35  -24.29  -24.93  -25.26  -25.29  -25.01  -24.42  -23.53  -22.35  -20.86  -19.47
 105.0  -20.06  -19.94  -19.55  -18.90  -17.99  -17.87  -20.25  -21.74  -22.94  -23.84  -24.44  -24.74  -24.73  -24.43  -23.82  -22.91  -21.71  -20.21  -18.81
 110.0  -20.06  -19.94  -19.55  -18.90  -17.99  -17.70  -19.80  -21.22  -22.36  -23.20  -23.75  -24.01  -23.96  -23.62  -22.98  -22.04  -20.81  -19.30  -17.89
 115.0  -20.06  -19.94  -19.55  -18.90  -17.99  -17.50  -19.22  -20.56  -21.62  -22.39  -22.87  -23.07  -22.97  -22.57  -21.89  -20.92  -19.66  -18.12  -16.70
 120.0  -20.06  -19.94  -19.55  -18.90  -17.99  -17.30  -18.67  -19.93  -20.92  -21.62  -22.04  -22.18  -22.02  -21.59  -20.86  -19.86  -18.57  -17.01  -15.57
 125.0  -20.06  -19.94  -19.55  -18.90  -17.99  -17.47  -19.15  -20.48  -21.54  -22.30  -22.78  -22.96  -22.86  -22.46  -21.77  -20.79  -19.53  -17.99  -16.57
 130.0  -20.06  -19.94  -19.55  -18.90  -17.99  -17.68  -19.74  -21.16  -22.29  -23.13  -23.67  -23.92  -23.87  -23.52  -22.88  -21.94  -20.71  -19.19  -17.78
 135.0  -20.06  -19.94  -19.55  -18.90  -17.99  -17.85  -20.21  -21.69  -22.88  -23.78  -24.38  -24.67  -24.67  -24.36  -23.75  -22.84  -21.63  -20.13  -18.73
 140.0  -20.06  -19.94  -19.55  -18.90  -17.99  -17.97  -20.55  -22.08  -23.31  -24.25  -24.89  -25.22  -25.24  -24.96  -24.37  -23.48  -22.29  -20.81  -19.41
 145.0  -20.06  -19.94  -19.55  -18.90  -17.99  -18.05  -20.75  -22.31  -23.58  -24.54  -25.20  -25.55  -25.59  -25.33  -24.76  -23.88  -22.70  -21.22  -19.83
 150.0  -20.06  -19.94  -19.55  -18.90  -17.99  -18.07  -20.83  -22.40  -23.67  -24.64  -25.31  -25.67  -25.72  -25.46  -24.89  -24.02  -22.84  -21.37  -19.98
 155.0  -20.06  -19.94  -19.55  -18.90  -17.99  -18.05  -20.77  -22.33  -23.59  -24.56  -25.22  -25.57  -25.62  -25.35  -24.78  -23.90  -22.72  -21.25  -19.86
 160.0  -20.06  -19.94  -19.55  -18.90  -17.99  -17.98  -20.57  -22.11  -23.35  -24.29  -24.93  -25.26  -25.29  -25.01  -24.42  -23.53  -22.35  -20.86  -19.47
 165.0  -20.06  -19.94  -19.55  -18.90  -17.99  -17.87  -20.25  -21.74  -22.94  -23.84  -24.44  -24.74  -24.73  -24.43  -23.82  -22.91  -21.71  -20.21  -18.81
 170.0  -20.06  -19.94  -19.55  -18.90  -17.99  -17.70  -19.80  -21.22  -22.36  -23.20  -23.75  -24.01  -23.96  -23.62  -22.98  -22.04  -20.81  -19.30  -17.89
 175.0  -20.06  -19.94  -19.55  -18.90  -17.99  -17.50  -19.22  -20.56  -21.62  -22.39  -22.87  -23.07  -22.97  -22.57  -21.89  -20.92  -19.66  -18.12  -16.70
 180.0  -20.06  -19.94  -19.55  -18.90  -17.99  -17.30  -18.67  -19.93  -20.92  -21.62  -22.04  -22.18  -22.02  -21.59  -20.86  -19.86  -18.57  -17.01  -15.57
 185.0  -20.06  -19.94  -19.55  -18.90  -17.99  -17.47  -19.15  -20.48  -21.54  -22.30  -22.78  -22.96  -22.86  -22.46  -21.77  -20.79  -19.53  -17.99  -16.57
 190.0  -20.06  -19.94  -19.55  -18.90  -17.99  -17.68  -19.74  -21.16  -22.29  -23.13  -23.67  -23.92  -23.87  -23.52  -22.88  -21.94  -20.71  -19.19  -17.78
 195.0  -20.06  -19.94  -19.55  -18.90  -17.99  -17.85  -20.21  -21.69  -22.88  -23.78  -24.38  -24.67  -24.67  -24.36  -23.75  -22.84  -21.63  -20.13  -18.73
 200.0  -20.06  -19.94  -19.55  -18.90  -17.99  -17.97  -20.55  -22.08  -23.31  -24.25  -24.89  -25.22  -25.24  -24.96  -24.37  -23.48  -22.29  -20.81  -19.41
 205.0  -20.06  -19.94  -19.55  -18.90  -17.99  -18.05  -20.75  -22.31  -23.58  -24.54  -25.20  -25.55  -25.59  -25.33  -24.76  -23.88  -22.70  -21.22  -19.83
 210.0  -20.06  -19.94  -19.55  -18.90  -17.99  -18.07  -20.83  -22.40  -23.67  -24.64  -25.31  -25.67  -25.72  -25.46  -24.89  -24.02  -22.84  -21.37  -19.98
 215.0  -20.06  -19.94  -19.55  -18.90  -17.99  -18.05  -20.77  -22.33  -23.59  -24.56  -25.22  -25.57  -25.62  -25.35  -24.78  -23.90  -22.72  -21.25  -19.86
 220.0  -20.06  -19.94  -19.55  -18.90  -17.99  -17.98  -20.57  -22.11  -23.35  -24.29  -24.93  -25.26  -25.29  -25.01  -24.42  -23.53  -22.35  -20.86  -19.47
 225.0  -20.06  -19.94  -19.55  -18.90  -17.99  -17.87  -20.25  -21.74  -22.94  -23.84  -24.44  -24.74  -24.73  -24.43  -23.82  -22.91  -21.71  -20.21  -18.81
 230.0  -20.06  -19.94  -19.55  -18.90  -17.99  -17.70  -19.80  -21.22  -22.36  -23.20  -23.75  -24.01  -23.96  -23.62  -22.98  -22.04  -20.81  -19.30  -17.89
 235.0  -20.06  -19.94  -19.55  -18.90  -17.99  -17.50  -19.22  -20.56  -21.62  -22.39  -22.87  -23.07  -22.97  -22.57  -21.89  -20.92  -19.66  -18.12  -16.70
 240.0  -20.06  -19.94  -19.55  -18.90  -17.99  -17.30  -18.67  -19.93  -20.92  -21.62  -22.04  -22.18  -22.02  -21.59  -20.86  -19.86  -18.57  -17.01  -15.57
 245.0  -20.06  -19.94  -19.55  -18.90  -17.99  -17.47  -19.15  -20.48  -21.54  -22.30  -22.78  -22.96  -22.86  -22.46  -21.77  -20.79  -19.53  -17.99  -16.57
 250.0  -20.06  -19.94  -19.55  -18.90  -17.99  -17.68  -19.74  -21.16  -22.29  -23.13  -23.67  -23.92  -23.87  -23.52  -22.88  -21.94  -20.71  -19.19  -17.78
 255.0  -20.06  -19.94  -19.55  -18.90  -17.99  -17.85  -20.21  -21.69  -22.88  -23.78  -24.38  -24.67  -24.67  -24.36  -23.75  -22.84  -21.63  -20.13  -18.73
 260.0  -20.06  -19.94  -19.55  -18.90  -17.99  -17.97  -20.55  -22.08  -23.31  -24.25  -24.89  -25.22  -25.24  -24.96  -24.37  -23.48  -22.29  -20.81  -19.41
 265.0  -20.06  -19.94  -19.55  -18.90  -17.99  -18.05  -20.75  -22.31  -23.58  -24.54  -25.20  -25.55  -25.59  -25.33  -24.76  -23.88  -22.70  -21.22  -19.83
 270.0  -20.06  -19.94  -19.55  -18.90  -17.99  -18.07  -20.83  -22.40  -23.67  -24.64  -25.31  -25.67  -25.72  -25.46  -24.89  -24.02  -22.84  -21.37  -19.98
 275.0  -20.06  -19.94  -19.55  -18.90  -17.99  -18.05  -20.77  -22.33  -23.59  -24.56  -25.22  -25.57  -25.62  -25.35  -24.78  -23.90  -22.72  -21.25  -19.86
 280.0  -20.06  -19.94  -19.55  -18.90  -17.99  -17.98  -20.57  -22.11  -23.35  -24.29  -24.93  -25.26  -25.29  -25.01  -24.42  -23.53  -22.35  -20.86  -19.47
 285.0  -20.06  -19.94  -19.55  -18.90  -17.99  -17.87  -20.25  -21.74  -22.94  -23.84  -24.44  -24.74  -24.73  -24.43  -23.82  -22.91  -21.71  -20.21  -18.81
 290.0  -20.06  -19.94  -19.55  -18.90  -17.99  -17.70  -19.80  -21.22  -22.36  -23.20  -23.75  -24.01  -23.96  -23.62  -22.98  -22.04  -20.81  -19.30  -17.89
 295.0  -20.06  -19.94  -19.55  -18.90  -17.99  -17.50  -19.22  -20.56  -21.62  -22.39  -22.87  -23.07  -22.97  -22.57  -21.89  -20.92  -19.66  -18.12  -16.70
 300.0  -20.06  -19.94  -19.55  -18.90  -17.99  -17.30  -18.67  -19.93  -20.92  -21.62  -22.04  -22.18  -22.02  -21.59  -20.86  -19.86  -18.57  -17.01  -15.57
 305.0  -20.06  -19.94  -19.55  -18.90  -17.99  -17.47  -19.15  -20.48  -21.54  -22.30  -22.78  -22.96  -22.86  -22.46  -21.77  -20.79  -19.53  -17.99  -16.57
 310.0  -20.06  -19.94  -19.55  -18.90  -17.99  -17.68  -19.74  -21.16  -22.29  -23.13  -23.67  -23.92  -23.87  -23.52  -22.88  -21.94  -20.71  -19.19  -17.78
 315.0  -20.06  -19.94  -19.55  -18.90  -17.99  -17.85  -20.21  -21.69  -22.88  -23.78  -24.38  -24.67  -24.67  -24.36  -23.75  -22.84  -21.63  -20.13  -18.73
 320.0  -20.06  -19.94  -19.55  -18.90  -17.99  -17.97  -20.55  -22.08  -23.31  -24.25  -24.89  -25.22  -25.24  -24.96  -24.37  -23.48  -22.29  -20.81  -19.41
 325.0  -20.06  -19.94  -19.55  -18.90  -17.99  -18.05  -20.75  -22.31  -23.58  -24.54  -25.20  -25.55  -25.59  -25.33  -24.76  -23.88  -22.70  -21.22  -19.83
 330.0  -20.06  -19.94  -19.55  -18.90  -17.99  -18.07  -20.83  -22.40  -23.67  -24.64  -25.31  -25.67  -25.72  -25.46  -24.89  -24.02  -22.84  -21.37  -19.98
 335.0  -20.06  -19.94  -19.55  -18.90  -17.99  -18.05  -20.77  -22.33  -23.59  -24.56  -25.22  -25.57  -25.62  -25.35  -24.78  -23.90  -22.72  -21.25  -19.86
 340.0  -20.06  -19.94  -19.55  -18.90  -17.99  -17.98  -20.57  -22.11  -23.35  -24.29  -24.93  -25.26  -25.29  -25.01  -24.42  -23.53  -22.35  -20.86  -19.47
 345.0  -20.06  -19.94  -19.55  -18.90  -17.99  -17.87  -20.25  -21.74  -22.94  -23.84  -24.44  -24.74  -24.73  -24.43  -23.82  -22.91  -21.71  -20.21  -18.81
 350.0  -20.06  -19.94  -19.55  -18.90  -17.99  -17.70  -19.80  -21.22  -22.36  -23.20  -23.75  -24.01  -23.96  -23.62  -22.98  -22.04  -20.81  -19.30  -17.89
 355.0  -20.06  -19.94  -19.55  -18.90  -17.99  -17.50  -19.22  -20.56  -21.62  -22.39  -22.87  -23.07  -22.97  -22.57  -21.89  -20.92  -19.66  -18.12  -16.70
 360.0  -20.06  -19.94  -19.55  -18.90  -17.99  -17.30  -18.66  -19.93  -20.92  -21.62  -22.04  -22.18  -22.02  -21.58  -20.86  -19.85  -18.57  -17.01  -15.57
END OF LRA