START OF LRA
   5.0                                                     DAZI
   0.0   90.0    5.0                                       ZEN1 / ZEN2 / DZEN
1064.0                                                     WAVELENGTH
   0.0  -49.63  -49.39  -48.65  -47.41  -45.66  -43.92  -45.45  -47.25  -48.54  -49.34  -49.62  -49.39  -48.65  -47.40  -45.65  -43.41  -40.69  -37.50  -34.63
   5.0  -49.63  -49.39  -48.65  -47.41  -45.66  -43.89  -45.36  -47.14  -48.43  -49.21  -49.48  -49.24  -48.49  -47.23  -45.48  -43.23  -40.51  -37.31  -34.44
  10.0  -49.63  -49.39  -48.65  -47.41  -45.66  -43.79  -45.08  -46.82  -48.07  -48.81  -49.05  -48.78  -48.00  -46.72  -44.94  -42.68  -39.94  -36.73  -33.85
  15.0  -49.63  -49.39  -48.65  -47.41  -45.66  -43.62  -44.60  -46.27  -47.46  -48.14  -48.32  -48.00  -47.17  -45.85  -44.04  -41.75  -38.98  -35.76  -32.87
  20.0  -49.63  -49.39  -48.65  -47.41  -45.66  -43.38  -43.93  -45.51  -46.60  -47.20  -47.30  -46.91  -46.02  -44.64  -42.78  -40.44  -37.65  -34.39  -31.49
  25.0  -49.63  -49.39  -48.65  -47.41  -45.66  -43.35  -43.86  -45.42  -46.50  -47.09  -47.18  -46.78  -45.88  -44.50  -42.63  -40.29  -37.49  -34.24  -31.33
  30.0  -49.63  -49.39  -48.65  -47.41  -45.66  -43.59  -44.54  -46.21  -47.38  -48.06  -48.23  -47.90  -47.07  -45.75  -43.93  -41.64  -38.87  -35.64  -32.75
  35.0  -49.63  -49.39  -48.65  -47.41  -45.66  -43.77  -45.04  -46.78  -48.02  -48.75  -48.99  -48.71  -47.93  -46.65  -44.87  -42.61  -39.86  -36.65  -33.77
  40.0  -49.63  -49.39  -48.65  -47.41  -45.66  -43.88  -45.34  -47.12  -48.40  -49.18  -49.45  -49.21  -48.45  -47.20  -45.44  -43.20  -40.47  -37.27  -34.40
  45.0  -49.63  -49.39  -48.65  -47.41  -45.66  -43.92  -45.45  -47.25  -48.54  -49.33  -49.61  -49.38  -48.64  -47.39  -45.65  -43.41  -40.68  -37.49  -34.62
  50.0  -49.63  -49.39  -48.65  -47.41  -45.66  -43.89  -45.36  -47.14  -48.43  -49.21  -49.48  -49.24  -48.49  -47.23  -45.48  -43.23  -40.51  -37.31  -34.44
  55.0  -49.63  -49.39  -48.65  -47.41  -45.66  -43.79  -45.08  -46.82  -48.07  -48.81  -49.05  -48.78  -48.00  -46.72  -44.94  -42.68  -39.94  -36.73  -33.85
  60.0  -49.63  -49.39  -48.65  -47.41  -45.66  -43.62  -44.60  -46.27  -47.46  -48.14  -48.32  -48.00  -47.17  -45.85  -44.04  -41.75  -38.98  -35.76  -32.87
  65.0  -49.63  -49.39  -48.65  -47.41  -45.66  -43.38  -43.93  -45.51  -46.60  -47.20  -47.30  -46.91  -46.02  -44.64  -42.78  -40.44  -37.65  -34.39  -31.49
  70.0  -49.63  -49.39  -48.65  -47.41  -45.66  -43.35  -43.86  -45.42  -46.50  -47.09  -47.18  -46.78  -45.88  -44.50  -42.63  -40.29  -37.49  -34.24  -31.33
  75.0  -49.63  -49.39  -48.65  -47.41  -45.66  -43.59  -44.54  -46.21  -47.38  -48.06  -48.23  -47.90  -47.07  -45.75  -43.93  -41.64  -38.87  -35.64  -32.75
  80.0  -49.63  -49.39  -48.65  -47.41  -45.66  -43.77  -45.04  -46.78  -48.02  -48.75  -48.99  -48.71  -47.93  -46.65  -44.87  -42.61  -39.86  -36.65  -33.77
  85.0  -49.63  -49.39  -48.65  -47.41  -45.66  -43.88  -45.34  -47.12  -48.40  -49.18  -49.45  -49.21  -48.45  -47.20  -45.44  -43.20  -40.47  -37.27  -34.40
  90.0  -49.63  -49.39  -48.65  -47.41  -45.66  -43.92  -45.45  -47.25  -48.54  -49.33  -49.61  -49.38  -48.64  -47.39  -45.65  -43.41  -40.68  -37.49  -34.62
  95.0  -49.63  -49.39  -48.65  -47.41  -45.66  -43.89  -45.36  -47.14  -48.43  -49.21  -49.48  -49.24  -48.49  -47.23  -45.48  -43.23  -40.51  -37.31  -34.44
 100.0  -49.63  -49.39  -48.65  -47.41  -45.66  -43.79  -45.08  -46.82  -48.07  -48.81  -49.05  -48.78  -48.00  -46.72  -44.94  -42.68  -39.94  -36.73  -33.85
 105.0  -49.63  -49.39  -48.65  -47.41  -45.66  -43.62  -44.60  -46.27  -47.46  -48.14  -48.32  -48.00  -47.17  -45.85  -44.04  -41.75  -38.98  -35.76  -32.87
 110.0  -49.63  -49.39  -48.65  -47.41  -45.66  -43.38  -43.93  -45.51  -46.60  -47.20  -47.30  -46.91  -46.02  -44.64  -42.78  -40.44  -37.65  -34.39  -31.49
 115.0  -49.63  -49.39  -48.65  -47.41  -45.66  -43.35  -43.86  -45.42  -46.50  -47.09  -47.18  -46.78  -45.88  -44.50  -42.63  -40.29  -37.49  -34.24  -31.33
 120.0  -49.63  -49.39  -48.65  -47.41  -45.66  -43.59  -44.54  -46.21  -47.38  -48.06  -48.23  -47.90  -47.07  -45.75  -43.93  -41.64  -38.87  -35.64  -32.75
 125.0  -49.63  -49.39  -48.65  -47.41  -45.66  -43.77  -45.04  -46.78  -48.02  -48.75  -48.99  -48.71  -47.93  -46.65  -44.87  -42.61  -39.86  -36.65  -33.77
 130.0  -49.63  -49.39  -48.65  -47.41  -45.66  -43.88  -45.34  -47.12  -48.40  -49.18  -49.45  -49.21  -48.45  -47.20  -45.44  -43.20  -40.47  -37.27  -34.40
 135.0  -49.63  -49.39  -48.65  -47.41  -45.66  -43.92  -45.45  -47.25  -48.54  -49.33  -49.61  -49.38  -48.64  -47.39  -45.65  -43.41  -40.68  -37.49  -34.62
 140.0  -49.63  -49.39  -48.65  -47.41  -45.66  -43.89  -45.36  -47.14  -48.43  -49.21  -49.48  -49.24  -48.49  -47.23  -45.48  -43.23  -40.51  -37.31  -34.44
 145.0  -49.63  -49.39  -48.65  -47.41  -45.66  -43.79  -45.08  -46.82  -48.07  -48.81  -49.05  -48.78  -48.00  -46.72  -44.94  -42.68  -39.94  -36.73  -33.85
 150.0  -49.63  -49.39  -48.65  -47.41  -45.66  -43.62  -44.60  -46.27  -47.46  -48.14  -48.32  -48.00  -47.17  -45.85  -44.04  -41.75  -38.98  -35.76  -32.87
 155.0  -49.63  -49.39  -48.65  -47.41  -45.66  -43.38  -43.93  -45.51  -46.60  -47.20  -47.30  -46.91  -46.02  -44.64  -42.78  -40.44  -37.65  -34.39  -31.49
 160.0  -49.63  -49.39  -48.65  -47.41  -45.66  -43.35  -43.86  -45.42  -46.50  -47.09  -47.18  -46.78  -45.88  -44.50  -42.63  -40.29  -37.49  -34.24  -31.33
 165.0  -49.63  -49.39  -48.65  -47.41  -45.66  -43.59  -44.54  -46.21  -47.38  -48.06  -48.23  -47.90  -47.07  -45.75  -43.93  -41.64  -38.87  -35.64  -32.75
 170.0  -49.63  -49.39  -48.65  -47.41  -45.66  -43.77  -45.04  -46.78  -48.02  -48.75  -48.99  -48.71  -47.93  -46.65  -44.87  -42.61  -39.86  -36.65  -33.77
 175.0  -49.63  -49.39  -48.65  -47.41  -45.66  -43.88  -45.34  -47.12  -48.40  -49.18  -49.45  -49.21  -48.45  -47.20  -45.44  -43.20  -40.47  -37.27  -34.40
 180.0  -49.63  -49.39  -48.65  -47.41  -45.66  -43.92  -45.45  -47.25  -48.54  -49.33  -49.61  -49.38  -48.64  -47.39  -45.65  -43.41  -40.68  -37.49  -34.62
 185.0  -49.63  -49.39  -48.65  -47.41  -45.66  -43.89  -45.36  -47.14  -48.43  -49.21  -49.48  -49.24  -48.49  -47.23  -45.48  -43.23  -40.51  -37.31  -34.44
 190.0  -49.63  -49.39  -48.65  -47.41  -45.66  -43.79  -45.08  -46.82  -48.07  -48.81  -49.05  -48.78  -48.00  -46.72  -44.94  -42.68  -39.94  -36.73  -33.85
 195.0  -49.63  -49.39  -48.65  -47.41  -45.66  -43.62  -44.60  -46.27  -47.46  -48.14  -48.32  -48.00  -47.17  -45.85  -44.04  -41.75  -38.98  -35.76  -32.87
 200.0  -49.63  -49.39  -48.65  -47.41  -45.66  -43.38  -43.93  -45.51  -46.60  -47.20  -47.30  -46.91  -46.02  -44.64  -42.78  -40.44  -37.65  -34.39  -31.49
 205.0  -49.63  -49.39  -48.65  -47.41  -45.66  -43.35  -43.86  -45.42  -46.50  -47.09  -47.18  -46.78  -45.88  -44.50  -42.63  -40.29  -37.49  -34.24  -31.33
 210.0  -49.63  -49.39  -48.65  -47.41  -45.66  -43.59  -44.54  -46.21  -47.38  -48.06  -48.23  -47.90  -47.07  -45.75  -43.93  -41.64  -38.87  -35.64  -32.75
 215.0  -49.63  -49.39  -48.65  -47.41  -45.66  -43.77  -45.04  -46.78  -48.02  -48.75  -48.99  -48.71  -47.93  -46.65  -44.87  -42.61  -39.86  -36.65  -33.77
 220.0  -49.63  -49.39  -48.65  -47.41  -45.66  -43.88  -45.34  -47.12  -48.40  -49.18  -49.45  -49.21  -48.45  -47.20  -45.44  -43.20  -40.47  -37.27  -34.40
 225.0  -49.63  -49.39  -48.65  -47.41  -45.66  -43.92  -45.45  -47.25  -48.54  -49.33  -49.61  -49.38  -48.64  -47.39  -45.65  -43.41  -40.68  -37.49  -34.62
 230.0  -49.63  -49.39  -48.65  -47.41  -45.66  -43.89  -45.36  -47.14  -48.43  -49.21  -49.48  -49.24  -48.49  -47.23  -45.48  -43.23  -40.51  -37.31  -34.44
 235.0  -49.63  -49.39  -48.65  -47.41  -45.66  -43.79  -45.08  -46.82  -48.07  -48.81  -49.05  -48.78  -48.00  -46.72  -44.94  -42.68  -39.94  -36.73  -33.85
 240.0  -49.63  -49.39  -48.65  -47.41  -45.66  -43.62  -44.60  -46.27  -47.46  -48.14  -48.32  -48.00  -47.17  -45.85  -44.04  -41.75  -38.98  -35.76  -32.87
 245.0  -49.63  -49.39  -48.65  -47.41  -45.66  -43.38  -43.93  -45.51  -46.60  -47.20  -47.30  -46.91  -46.02  -44.64  -42.78  -40.44  -37.65  -34.39  -31.49
 250.0  -49.63  -49.39  -48.65  -47.41  -45.66  -43.35  -43.86  -45.42  -46.50  -47.09  -47.18  -46.78  -45.88  -44.50  -42.63  -40.29  -37.49  -34.24  -31.33
 255.0  -49.63  -49.39  -48.65  -47.41  -45.66  -43.59  -44.54  -46.21  -47.38  -48.06  -48.23  -47.90  -47.07  -45.75  -43.93  -41.64  -38.87  -35.64  -32.75
 260.0  -49.63  -49.39  -48.65  -47.41  -45.66  -43.77  -45.04  -46.78  -48.02  -48.75  -48.99  -48.71  -47.93  -46.65  -44.87  -42.61  -39.86  -36.65  -33.77
 265.0  -49.63  -49.39  -48.65  -47.41  -45.66  -43.88  -45.34  -47.12  -48.40  -49.18  -49.45  -49.21  -48.45  -47.20  -45.44  -43.20  -40.47  -37.27  -34.40
 270.0  -49.63  -49.39  -48.65  -47.41  -45.66  -43.92  -45.45  -47.25  -48.54  -49.33  -49.61  -49.38  -48.64  -47.39  -45.65  -43.41  -40.68  -37.49  -34.62
 275.0  -49.63  -49.39  -48.65  -47.41  -45.66  -43.89  -45.36  -47.14  -48.43  -49.21  -49.48  -49.24  -48.49  -47.23  -45.48  -43.23  -40.51  -37.31  -34.44
 280.0  -49.63  -49.39  -48.65  -47.41  -45.66  -43.79  -45.08  -46.82  -48.07  -48.81  -49.05  -48.78  -48.00  -46.72  -44.94  -42.68  -39.94  -36.73  -33.85
 285.0  -49.63  -49.39  -48.65  -47.41  -45.66  -43.62  -44.60  -46.27  -47.46  -48.14  -48.32  -48.00  -47.17  -45.85  -44.04  -41.75  -38.98  -35.76  -32.87
 290.0  -49.63  -49.39  -48.65  -47.41  -45.66  -43.38  -43.93  -45.51  -46.60  -47.20  -47.30  -46.91  -46.02  -44.64  -42.78  -40.44  -37.65  -34.39  -31.49
 295.0  -49.63  -49.39  -48.65  -47.41  -45.66  -43.35  -43.86  -45.42  -46.50  -47.09  -47.18  -46.78  -45.88  -44.50  -42.63  -40.29  -37.49  -34.24  -31.33
 300.0  -49.63  -49.39  -48.65  -47.41  -45.66  -43.59  -44.54  -46.21  -47.38  -48.06  -48.23  -47.90  -47.07  -45.75  -43.93  -41.64  -38.87  -35.64  -32.75
 305.0  -49.63  -49.39  -48.65  -47.41  -45.66  -43.77  -45.04  -46.78  -48.02  -48.75  -48.99  -48.71  -47.93  -46.65  -44.87  -42.61  -39.86  -36.65  -33.77
 310.0  -49.63  -49.39  -48.65  -47.41  -45.66  -43.88  -45.34  -47.12  -48.40  -49.18  -49.45  -49.21  -48.45  -47.20  -45.44  -43.20  -40.47  -37.27  -34.40
 315.0  -49.63  -49.39  -48.65  -47.41  -45.66  -43.92  -45.45  -47.25  -48.54  -49.33  -49.61  -49.38  -48.64  -47.39  -45.65  -43.41  -40.68  -37.49  -34.62
 320.0  -49.63  -49.39  -48.65  -47.41  -45.66  -43.89  -45.36  -47.14  -48.43  -49.21  -49.48  -49.24  -48.49  -47.23  -45.48  -43.23  -40.51  -37.31  -34.44
 325.0  -49.63  -49.39  -48.65  -47.41  -45.66  -43.79  -45.08  -46.82  -48.07  -48.81  -49.05  -48.78  -48.00  -46.72  -44.94  -42.68  -39.94  -36.73  -33.85
 330.0  -49.63  -49.39  -48.65  -47.41  -45.66  -43.62  -44.60  -46.27  -47.46  -48.14  -48.32  -48.00  -47.17  -45.85  -44.04  -41.75  -38.98  -35.76  -32.87
 335.0  -49.63  -49.39  -48.65  -47.41  -45.66  -43.38  -43.93  -45.51  -46.60  -47.20  -47.30  -46.91  -46.02  -44.64  -42.78  -40.44  -37.65  -34.39  -31.49
 340.0  -49.63  -49.39  -48.65  -47.41  -45.66  -43.35  -43.86  -45.42  -46.50  -47.09  -47.18  -46.78  -45.88  -44.50  -42.63  -40.29  -37.49  -34.24  -31.33
 345.0  -49.63  -49.39  -48.65  -47.41  -45.66  -43.59  -44.54  -46.21  -47.38  -48.06  -48.23  -47.90  -47.07  -45.75  -43.93  -41.64  -38.87  -35.64  -32.75
 350.0  -49.63  -49.39  -48.65  -47.41  -45.66  -43.77  -45.04  -46.78  -48.02  -48.75  -48.99  -48.71  -47.93  -46.65  -44.87  -42.61  -39.86  -36.65  -33.77
 355.0  -49.63  -49.39  -48.65  -47.41  -45.66  -43.88  -45.34  -47.12  -48.40  -49.18  -49.45  -49.21  -48.45  -47.20  -45.44  -43.20  -40.47  -37.27  -34.40
 360.0  -49.63  -49.39  -48.65  -47.41  -45.66  -43.92  -45.45  -47.24  -48.54  -49.33  -49.61  -49.38  -48.64  -47.39  -45.64  -43.40  -40.68  -37.49  -34.62
END OF LRA