START OF LRA
   5.0                                                     DAZI
   0.0   90.0    5.0                                       ZEN1 / ZEN2 / DZEN
1064.0                                                     WAVELENGTH
   0.0    2.05    1.08   -0.05   -0.98   -1.70   -2.24   -2.57   -2.71   -2.65   -2.39   -1.94   -1.28   -0.43    0.61    1.86    3.17     NaN     NaN     NaN
   5.0    2.03    1.00   -0.21   -1.21   -2.02   -2.62   -3.02   -3.23   -3.23   -3.04   -2.64   -2.04   -1.25   -0.25    0.95    2.35    3.40     NaN     NaN
  10.0    2.01    0.90   -0.41   -1.51   -2.40   -3.09   -3.58   -3.86   -3.94   -3.82   -3.49   -2.96   -2.23   -1.29   -0.15    1.20    2.72    3.58     NaN
  15.0    1.99    0.81   -0.58   -1.76   -2.73   -3.50   -4.06   -4.41   -4.56   -4.50   -4.24   -3.76   -3.09   -2.20   -1.11    0.20    1.71    3.16     NaN
  20.0    1.98    0.74   -0.73   -1.98   -3.02   -3.85   -4.47   -4.89   -5.09   -5.08   -4.87   -4.45   -3.81   -2.97   -1.92   -0.66    0.82    2.52    3.57
  25.0    1.96    0.68   -0.85   -2.16   -3.26   -4.14   -4.82   -5.28   -5.53   -5.57   -5.39   -5.01   -4.41   -3.61   -2.59   -1.35    0.09    1.76    3.20
  30.0    1.95    0.63   -0.95   -2.31   -3.45   -4.37   -5.09   -5.58   -5.87   -5.94   -5.80   -5.45   -4.88   -4.10   -3.11   -1.90   -0.47    1.17    2.64
  35.0    1.94    0.60   -1.02   -2.41   -3.58   -4.54   -5.28   -5.81   -6.12   -6.21   -6.10   -5.77   -5.22   -4.46   -3.49   -2.29   -0.88    0.75    2.21
  40.0    1.94    0.57   -1.06   -2.47   -3.66   -4.64   -5.40   -5.94   -6.27   -6.38   -6.28   -5.96   -5.43   -4.68   -3.72   -2.53   -1.13    0.49    1.94
  45.0    1.94    0.57   -1.07   -2.49   -3.69   -4.67   -5.44   -5.99   -6.32   -6.44   -6.34   -6.03   -5.50   -4.76   -3.80   -2.62   -1.22    0.40    1.85
  50.0    1.94    0.57   -1.06   -2.48   -3.67   -4.65   -5.40   -5.95   -6.28   -6.39   -6.29   -5.97   -5.44   -4.69   -3.73   -2.55   -1.15    0.47    1.93
  55.0    1.94    0.59   -1.02   -2.42   -3.59   -4.55   -5.29   -5.82   -6.14   -6.24   -6.12   -5.79   -5.25   -4.49   -3.52   -2.33   -0.92    0.71    2.17
  60.0    1.95    0.63   -0.96   -2.32   -3.46   -4.39   -5.11   -5.61   -5.90   -5.97   -5.84   -5.49   -4.92   -4.15   -3.16   -1.95   -0.52    1.12    2.59
  65.0    1.96    0.67   -0.86   -2.18   -3.28   -4.17   -4.85   -5.31   -5.57   -5.61   -5.44   -5.06   -4.47   -3.66   -2.65   -1.42    0.03    1.70    3.16
  70.0    1.97    0.73   -0.74   -2.00   -3.05   -3.88   -4.51   -4.93   -5.14   -5.14   -4.93   -4.51   -3.88   -3.04   -1.99   -0.73    0.74    2.44    3.54
  75.0    1.99    0.81   -0.59   -1.78   -2.77   -3.54   -4.10   -4.46   -4.62   -4.56   -4.30   -3.84   -3.16   -2.28   -1.19    0.10    1.62    3.11     NaN
  80.0    2.01    0.89   -0.42   -1.53   -2.44   -3.13   -3.63   -3.92   -4.01   -3.89   -3.57   -3.05   -2.32   -1.39   -0.25    1.09    2.63    3.55     NaN
  85.0    2.03    0.99   -0.23   -1.24   -2.06   -2.67   -3.08   -3.29   -3.31   -3.12   -2.73   -2.14   -1.35   -0.36    0.83    2.23    3.34     NaN     NaN
  90.0    2.05    1.07   -0.06   -0.99   -1.73   -2.26   -2.60   -2.74   -2.69   -2.43   -1.98   -1.34   -0.49    0.55    1.80    3.13    3.78     NaN     NaN
  95.0    2.03    1.00   -0.21   -1.21   -2.02   -2.62   -3.02   -3.23   -3.23   -3.04   -2.64   -2.04   -1.25   -0.25    0.95    2.35    3.40     NaN     NaN
 100.0    2.01    0.90   -0.41   -1.51   -2.40   -3.09   -3.58   -3.86   -3.94   -3.82   -3.49   -2.96   -2.23   -1.29   -0.15    1.20    2.72    3.58     NaN
 105.0    1.99    0.81   -0.58   -1.76   -2.73   -3.50   -4.06   -4.41   -4.56   -4.50   -4.24   -3.76   -3.09   -2.20   -1.11    0.20    1.71    3.16     NaN
 110.0    1.98    0.74   -0.73   -1.98   -3.02   -3.85   -4.47   -4.89   -5.09   -5.08   -4.87   -4.45   -3.81   -2.97   -1.92   -0.66    0.82    2.52    3.57
 115.0    1.96    0.68   -0.85   -2.16   -3.26   -4.14   -4.82   -5.28   -5.53   -5.57   -5.39   -5.01   -4.41   -3.61   -2.59   -1.35    0.09    1.76    3.20
 120.0    1.95    0.63   -0.95   -2.31   -3.45   -4.37   -5.09   -5.58   -5.87   -5.94   -5.80   -5.45   -4.88   -4.10   -3.11   -1.90   -0.47    1.17    2.64
 125.0    1.94    0.60   -1.02   -2.41   -3.58   -4.54   -5.28   -5.81   -6.12   -6.21   -6.10   -5.77   -5.22   -4.46   -3.49   -2.29   -0.88    0.75    2.21
 130.0    1.94    0.57   -1.06   -2.47   -3.66   -4.64   -5.40   -5.94   -6.27   -6.38   -6.28   -5.96   -5.43   -4.68   -3.72   -2.53   -1.13    0.49    1.94
 135.0    1.94    0.57   -1.07   -2.49   -3.69   -4.67   -5.44   -5.99   -6.32   -6.44   -6.34   -6.03   -5.50   -4.76   -3.80   -2.62   -1.22    0.40    1.85
 140.0    1.94    0.57   -1.06   -2.48   -3.67   -4.65   -5.40   -5.95   -6.28   -6.39   -6.29   -5.97   -5.44   -4.69   -3.73   -2.55   -1.15    0.47    1.93
 145.0    1.94    0.59   -1.02   -2.42   -3.59   -4.55   -5.29   -5.82   -6.14   -6.24   -6.12   -5.79   -5.25   -4.49   -3.52   -2.33   -0.92    0.71    2.17
 150.0    1.95    0.63   -0.96   -2.32   -3.46   -4.39   -5.11   -5.61   -5.90   -5.97   -5.84   -5.49   -4.92   -4.15   -3.16   -1.95   -0.52    1.12    2.59
 155.0    1.96    0.67   -0.86   -2.18   -3.28   -4.17   -4.85   -5.31   -5.57   -5.61   -5.44   -5.06   -4.47   -3.66   -2.65   -1.42    0.03    1.70    3.16
 160.0    1.97    0.73   -0.74   -2.00   -3.05   -3.88   -4.51   -4.93   -5.14   -5.14   -4.93   -4.51   -3.88   -3.04   -1.99   -0.73    0.74    2.44    3.54
 165.0    1.99    0.81   -0.59   -1.78   -2.77   -3.54   -4.10   -4.46   -4.62   -4.56   -4.30   -3.84   -3.16   -2.28   -1.19    0.10    1.62    3.11     NaN
 170.0    2.01    0.89   -0.42   -1.53   -2.44   -3.13   -3.63   -3.92   -4.01   -3.89   -3.57   -3.05   -2.32   -1.39   -0.25    1.09    2.63    3.55     NaN
 175.0    2.03    0.99   -0.23   -1.24   -2.06   -2.67   -3.08   -3.29   -3.31   -3.12   -2.73   -2.14   -1.35   -0.36    0.83    2.23    3.34     NaN     NaN
 180.0    2.05    1.07   -0.06   -0.99   -1.73   -2.26   -2.60   -2.74   -2.69   -2.43   -1.98   -1.34   -0.49    0.55    1.80    3.13    3.78     NaN     NaN
 185.0    2.03    1.00   -0.21   -1.21   -2.02   -2.62   -3.02   -3.23   -3.23   -3.04   -2.64   -2.04   -1.25   -0.25    0.95    2.35    3.40     NaN     NaN
 190.0    2.01    0.90   -0.41   -1.51   -2.40   -3.09   -3.58   -3.86   -3.94   -3.82   -3.49   -2.96   -2.23   -1.29   -0.15    1.20    2.72    3.58     NaN
 195.0    1.99    0.81   -0.58   -1.76   -2.73   -3.50   -4.06   -4.41   -4.56   -4.50   -4.24   -3.76   -3.09   -2.20   -1.11    0.20    1.71    3.16     NaN
 200.0    1.98    0.74   -0.73   -1.98   -3.02   -3.85   -4.47   -4.89   -5.09   -5.08   -4.87   -4.45   -3.81   -2.97   -1.92   -0.66    0.82    2.52    3.57
 205.0    1.96    0.68   -0.85   -2.16   -3.26   -4.14   -4.82   -5.28   -5.53   -5.57   -5.39   -5.01   -4.41   -3.61   -2.59   -1.35    0.09    1.76    3.20
 210.0    1.95    0.63   -0.95   -2.31   -3.45   -4.37   -5.09   -5.58   -5.87   -5.94   -5.80   -5.45   -4.88   -4.10   -3.11   -1.90   -0.47    1.17    2.64
 215.0    1.94    0.60   -1.02   -2.41   -3.58   -4.54   -5.28   -5.81   -6.12   -6.21   -6.10   -5.77   -5.22   -4.46   -3.49   -2.29   -0.88    0.75    2.21
 220.0    1.94    0.57   -1.06   -2.47   -3.66   -4.64   -5.40   -5.94   -6.27   -6.38   -6.28   -5.96   -5.43   -4.68   -3.72   -2.53   -1.13    0.49    1.94
 225.0    1.94    0.57   -1.07   -2.49   -3.69   -4.67   -5.44   -5.99   -6.32   -6.44   -6.34   -6.03   -5.50   -4.76   -3.80   -2.62   -1.22    0.40    1.85
 230.0    1.94    0.57   -1.06   -2.48   -3.67   -4.65   -5.40   -5.95   -6.28   -6.39   -6.29   -5.97   -5.44   -4.69   -3.73   -2.55   -1.15    0.47    1.93
 235.0    1.94    0.59   -1.02   -2.42   -3.59   -4.55   -5.29   -5.82   -6.14   -6.24   -6.12   -5.79   -5.25   -4.49   -3.52   -2.33   -0.92    0.71    2.17
 240.0    1.95    0.63   -0.96   -2.32   -3.46   -4.39   -5.11   -5.61   -5.90   -5.97   -5.84   -5.49   -4.92   -4.15   -3.16   -1.95   -0.52    1.12    2.59
 245.0    1.96    0.67   -0.86   -2.18   -3.28   -4.17   -4.85   -5.31   -5.57   -5.61   -5.44   -5.06   -4.47   -3.66   -2.65   -1.42    0.03    1.70    3.16
 250.0    1.97    0.73   -0.74   -2.00   -3.05   -3.88   -4.51   -4.93   -5.14   -5.14   -4.93   -4.51   -3.88   -3.04   -1.99   -0.73    0.74    2.44    3.54
 255.0    1.99    0.81   -0.59   -1.78   -2.77   -3.54   -4.10   -4.46   -4.62   -4.56   -4.30   -3.84   -3.16   -2.28   -1.19    0.10    1.62    3.11     NaN
 260.0    2.01    0.89   -0.42   -1.53   -2.44   -3.13   -3.63   -3.92   -4.01   -3.89   -3.57   -3.05   -2.32   -1.39   -0.25    1.09    2.63    3.55     NaN
 265.0    2.03    0.99   -0.23   -1.24   -2.06   -2.67   -3.08   -3.29   -3.31   -3.12   -2.73   -2.14   -1.35   -0.36    0.83    2.23    3.34     NaN     NaN
 270.0    2.05    1.07   -0.06   -0.99   -1.73   -2.26   -2.60   -2.74   -2.69   -2.43   -1.98   -1.34   -0.49    0.55    1.80    3.13    3.78     NaN     NaN
 275.0    2.03    1.00   -0.21   -1.21   -2.02   -2.62   -3.02   -3.23   -3.23   -3.04   -2.64   -2.04   -1.25   -0.25    0.95    2.35    3.40     NaN     NaN
 280.0    2.01    0.90   -0.41   -1.51   -2.40   -3.09   -3.58   -3.86   -3.94   -3.82   -3.49   -2.96   -2.23   -1.29   -0.15    1.20    2.72    3.58     NaN
 285.0    1.99    0.81   -0.58   -1.76   -2.73   -3.50   -4.06   -4.41   -4.56   -4.50   -4.24   -3.76   -3.09   -2.20   -1.11    0.20    1.71    3.16     NaN
 290.0    1.98    0.74   -0.73   -1.98   -3.02   -3.85   -4.47   -4.89   -5.09   -5.08   -4.87   -4.45   -3.81   -2.97   -1.92   -0.66    0.82    2.52    3.57
 295.0    1.96    0.68   -0.85   -2.16   -3.26   -4.14   -4.82   -5.28   -5.53   -5.57   -5.39   -5.01   -4.41   -3.61   -2.59   -1.35    0.09    1.76    3.20
 300.0    1.95    0.63   -0.95   -2.31   -3.45   -4.37   -5.09   -5.58   -5.87   -5.94   -5.80   -5.45   -4.88   -4.10   -3.11   -1.90   -0.47    1.17    2.64
 305.0    1.94    0.60   -1.02   -2.41   -3.58   -4.54   -5.28   -5.81   -6.12   -6.21   -6.10   -5.77   -5.22   -4.46   -3.49   -2.29   -0.88    0.75    2.21
 310.0    1.94    0.57   -1.06   -2.47   -3.66   -4.64   -5.40   -5.94   -6.27   -6.38   -6.28   -5.96   -5.43   -4.68   -3.72   -2.53   -1.13    0.49    1.94
 315.0    1.94    0.57   -1.07   -2.49   -3.69   -4.67   -5.44   -5.99   -6.32   -6.44   -6.34   -6.03   -5.50   -4.76   -3.80   -2.62   -1.22    0.40    1.85
 320.0    1.94    0.57   -1.06   -2.48   -3.67   -4.65   -5.40   -5.95   -6.28   -6.39   -6.29   -5.97   -5.44   -4.69   -3.73   -2.55   -1.15    0.47    1.93
 325.0    1.94    0.59   -1.02   -2.42   -3.59   -4.55   -5.29   -5.82   -6.14   -6.24   -6.12   -5.79   -5.25   -4.49   -3.52   -2.33   -0.92    0.71    2.17
 330.0    1.95    0.63   -0.96   -2.32   -3.46   -4.39   -5.11   -5.61   -5.90   -5.97   -5.84   -5.49   -4.92   -4.15   -3.16   -1.95   -0.52    1.12    2.59
 335.0    1.96    0.67   -0.86   -2.18   -3.28   -4.17   -4.85   -5.31   -5.57   -5.61   -5.44   -5.06   -4.47   -3.66   -2.65   -1.42    0.03    1.70    3.16
 340.0    1.97    0.73   -0.74   -2.00   -3.05   -3.88   -4.51   -4.93   -5.14   -5.14   -4.93   -4.51   -3.88   -3.04   -1.99   -0.73    0.74    2.44    3.54
 345.0    1.99    0.81   -0.59   -1.78   -2.77   -3.54   -4.10   -4.46   -4.62   -4.56   -4.30   -3.84   -3.16   -2.28   -1.19    0.10    1.62    3.11     NaN
 350.0    2.01    0.89   -0.42   -1.53   -2.44   -3.13   -3.63   -3.92   -4.01   -3.89   -3.57   -3.05   -2.32   -1.39   -0.25    1.09    2.63    3.55     NaN
 355.0    2.03    0.99   -0.23   -1.24   -2.06   -2.67   -3.08   -3.29   -3.31   -3.12   -2.73   -2.14   -1.35   -0.36    0.83    2.23    3.34     NaN     NaN
 360.0    2.05    1.07   -0.06   -0.99   -1.73   -2.26   -2.60   -2.74   -2.69   -2.43   -1.98   -1.34   -0.49    0.55    1.80    3.12    3.78     NaN     NaN
END OF LRA