START OF LRA
   5.0                                                     DAZI
   0.0   90.0    5.0                                       ZEN1 / ZEN2 / DZEN
 355.0                                                     WAVELENGTH
   0.0  -48.04  -47.81  -47.06  -45.80  -44.03  -42.27  -43.82  -45.64  -46.95  -47.75  -48.03  -47.80  -47.05  -45.79  -44.02  -41.76  -39.01  -35.78  -32.88
   5.0  -48.04  -47.81  -47.06  -45.80  -44.03  -42.24  -43.73  -45.53  -46.83  -47.62  -47.89  -47.65  -46.89  -45.62  -43.85  -41.58  -38.82  -35.59  -32.69
  10.0  -48.04  -47.81  -47.06  -45.80  -44.03  -42.14  -43.44  -45.20  -46.46  -47.21  -47.45  -47.18  -46.39  -45.10  -43.31  -41.02  -38.25  -35.01  -32.10
  15.0  -48.04  -47.81  -47.06  -45.80  -44.03  -41.97  -42.96  -44.65  -45.85  -46.54  -46.72  -46.39  -45.56  -44.23  -42.40  -40.08  -37.28  -34.03  -31.11
  20.0  -48.04  -47.81  -47.06  -45.80  -44.03  -41.72  -42.29  -43.88  -44.98  -45.59  -45.69  -45.29  -44.39  -43.00  -41.12  -38.76  -35.93  -32.65  -29.71
  25.0  -48.04  -47.81  -47.06  -45.80  -44.03  -41.70  -42.21  -43.79  -44.88  -45.48  -45.57  -45.16  -44.26  -42.86  -40.97  -38.61  -35.77  -32.49  -29.55
  30.0  -48.04  -47.81  -47.06  -45.80  -44.03  -41.94  -42.90  -44.59  -45.77  -46.45  -46.63  -46.30  -45.46  -44.12  -42.29  -39.96  -37.17  -33.91  -30.98
  35.0  -48.04  -47.81  -47.06  -45.80  -44.03  -42.12  -43.40  -45.16  -46.41  -47.16  -47.39  -47.12  -46.33  -45.03  -43.23  -40.94  -38.17  -34.93  -32.02
  40.0  -48.04  -47.81  -47.06  -45.80  -44.03  -42.23  -43.71  -45.51  -46.80  -47.59  -47.86  -47.62  -46.86  -45.59  -43.81  -41.54  -38.78  -35.55  -32.65
  45.0  -48.04  -47.81  -47.06  -45.80  -44.03  -42.27  -43.82  -45.63  -46.94  -47.74  -48.03  -47.79  -47.04  -45.78  -44.02  -41.75  -39.00  -35.78  -32.87
  50.0  -48.04  -47.81  -47.06  -45.80  -44.03  -42.24  -43.73  -45.53  -46.83  -47.62  -47.89  -47.65  -46.89  -45.62  -43.85  -41.58  -38.82  -35.59  -32.69
  55.0  -48.04  -47.81  -47.06  -45.80  -44.03  -42.14  -43.44  -45.20  -46.46  -47.21  -47.45  -47.18  -46.39  -45.10  -43.31  -41.02  -38.25  -35.01  -32.10
  60.0  -48.04  -47.81  -47.06  -45.80  -44.03  -41.97  -42.96  -44.65  -45.85  -46.54  -46.72  -46.39  -45.56  -44.23  -42.40  -40.08  -37.28  -34.03  -31.11
  65.0  -48.04  -47.81  -47.06  -45.80  -44.03  -41.72  -42.29  -43.88  -44.98  -45.59  -45.69  -45.29  -44.39  -43.00  -41.12  -38.76  -35.93  -32.65  -29.71
  70.0  -48.04  -47.81  -47.06  -45.80  -44.03  -41.70  -42.21  -43.79  -44.88  -45.48  -45.57  -45.16  -44.26  -42.86  -40.97  -38.61  -35.77  -32.49  -29.55
  75.0  -48.04  -47.81  -47.06  -45.80  -44.03  -41.94  -42.90  -44.59  -45.77  -46.45  -46.63  -46.30  -45.46  -44.12  -42.29  -39.96  -37.17  -33.91  -30.98
  80.0  -48.04  -47.81  -47.06  -45.80  -44.03  -42.12  -43.40  -45.16  -46.41  -47.16  -47.39  -47.12  -46.33  -45.03  -43.23  -40.94  -38.17  -34.93  -32.02
  85.0  -48.04  -47.81  -47.06  -45.80  -44.03  -42.23  -43.71  -45.51  -46.80  -47.59  -47.86  -47.62  -46.86  -45.59  -43.81  -41.54  -38.78  -35.55  -32.65
  90.0  -48.04  -47.81  -47.06  -45.80  -44.03  -42.27  -43.82  -45.63  -46.94  -47.74  -48.03  -47.79  -47.04  -45.78  -44.02  -41.75  -39.00  -35.78  -32.87
  95.0  -48.04  -47.81  -47.06  -45.80  -44.03  -42.24  -43.73  -45.53  -46.83  -47.62  -47.89  -47.65  -46.89  -45.62  -43.85  -41.58  -38.82  -35.59  -32.69
 100.0  -48.04  -47.81  -47.06  -45.80  -44.03  -42.14  -43.44  -45.20  -46.46  -47.21  -47.45  -47.18  -46.39  -45.10  -43.31  -41.02  -38.25  -35.01  -32.10
 105.0  -48.04  -47.81  -47.06  -45.80  -44.03  -41.97  -42.96  -44.65  -45.85  -46.54  -46.72  -46.39  -45.56  -44.23  -42.40  -40.08  -37.28  -34.03  -31.11
 110.0  -48.04  -47.81  -47.06  -45.80  -44.03  -41.72  -42.29  -43.88  -44.98  -45.59  -45.69  -45.29  -44.39  -43.00  -41.12  -38.76  -35.93  -32.65  -29.71
 115.0  -48.04  -47.81  -47.06  -45.80  -44.03  -41.70  -42.21  -43.79  -44.88  -45.48  -45.57  -45.16  -44.26  -42.86  -40.97  -38.61  -35.77  -32.49  -29.55
 120.0  -48.04  -47.81  -47.06  -45.80  -44.03  -41.94  -42.90  -44.59  -45.77  -46.45  -46.63  -46.30  -45.46  -44.12  -42.29  -39.96  -37.17  -33.91  -30.98
 125.0  -48.04  -47.81  -47.06  -45.80  -44.03  -42.12  -43.40  -45.16  -46.41  -47.16  -47.39  -47.12  -46.33  -45.03  -43.23  -40.94  -38.17  -34.93  -32.02
 130.0  -48.04  -47.81  -47.06  -45.80  -44.03  -42.23  -43.71  -45.51  -46.80  -47.59  -47.86  -47.62  -46.86  -45.59  -43.81  -41.54  -38.78  -35.55  -32.65
 135.0  -48.04  -47.81  -47.06  -45.80  -44.03  -42.27  -43.82  -45.63  -46.94  -47.74  -48.03  -47.79  -47.04  -45.78  -44.02  -41.75  -39.00  -35.78  -32.87
 140.0  -48.04  -47.81  -47.06  -45.80  -44.03  -42.24  -43.73  -45.53  -46.83  -47.62  -47.89  -47.65  -46.89  -45.62  -43.85  -41.58  -38.82  -35.59  -32.69
 145.0  -48.04  -47.81  -47.06  -45.80  -44.03  -42.14  -43.44  -45.20  -46.46  -47.21  -47.45  -47.18  -46.39  -45.10  -43.31  -41.02  -38.25  -35.01  -32.10
 150.0  -48.04  -47.81  -47.06  -45.80  -44.03  -41.97  -42.96  -44.65  -45.85  -46.54  -46.72  -46.39  -45.56  -44.23  -42.40  -40.08  -37.28  -34.03  -31.11
 155.0  -48.04  -47.81  -47.06  -45.80  -44.03  -41.72  -42.29  -43.88  -44.98  -45.59  -45.69  -45.29  -44.39  -43.00  -41.12  -38.76  -35.93  -32.65  -29.71
 160.0  -48.04  -47.81  -47.06  -45.80  -44.03  -41.70  -42.21  -43.79  -44.88  -45.48  -45.57  -45.16  -44.26  -42.86  -40.97  -38.61  -35.77  -32.49  -29.55
 165.0  -48.04  -47.81  -47.06  -45.80  -44.03  -41.94  -42.90  -44.59  -45.77  -46.45  -46.63  -46.30  -45.46  -44.12  -42.29  -39.96  -37.17  -33.91  -30.98
 170.0  -48.04  -47.81  -47.06  -45.80  -44.03  -42.12  -43.40  -45.16  -46.41  -47.16  -47.39  -47.12  -46.33  -45.03  -43.23  -40.94  -38.17  -34.93  -32.02
 175.0  -48.04  -47.81  -47.06  -45.80  -44.03  -42.23  -43.71  -45.51  -46.80  -47.59  -47.86  -47.62  -46.86  -45.59  -43.81  -41.54  -38.78  -35.55  -32.65
 180.0  -48.04  -47.81  -47.06  -45.80  -44.03  -42.27  -43.82  -45.63  -46.94  -47.74  -48.03  -47.79  -47.04  -45.78  -44.02  -41.75  -39.00  -35.78  -32.87
 185.0  -48.04  -47.81  -47.06  -45.80  -44.03  -42.24  -43.73  -45.53  -46.83  -47.62  -47.89  -47.65  -46.89  -45.62  -43.85  -41.58  -38.82  -35.59  -32.69
 190.0  -48.04  -47.81  -47.06  -45.80  -44.03  -42.14  -43.44  -45.20  -46.46  -47.21  -47.45  -47.18  -46.39  -45.10  -43.31  -41.02  -38.25  -35.01  -32.10
 195.0  -48.04  -47.81  -47.06  -45.80  -44.03  -41.97  -42.96  -44.65  -45.85  -46.54  -46.72  -46.39  -45.56  -44.23  -42.40  -40.08  -37.28  -34.03  -31.11
 200.0  -48.04  -47.81  -47.06  -45.80  -44.03  -41.72  -42.29  -43.88  -44.98  -45.59  -45.69  -45.29  -44.39  -43.00  -41.12  -38.76  -35.93  -32.65  -29.71
 205.0  -48.04  -47.81  -47.06  -45.80  -44.03  -41.70  -42.21  -43.79  -44.88  -45.48  -45.57  -45.16  -44.26  -42.86  -40.97  -38.61  -35.77  -32.49  -29.55
 210.0  -48.04  -47.81  -47.06  -45.80  -44.03  -41.94  -42.90  -44.59  -45.77  -46.45  -46.63  -46.30  -45.46  -44.12  -42.29  -39.96  -37.17  -33.91  -30.98
 215.0  -48.04  -47.81  -47.06  -45.80  -44.03  -42.12  -43.40  -45.16  -46.41  -47.16  -47.39  -47.12  -46.33  -45.03  -43.23  -40.94  -38.17  -34.93  -32.02
 220.0  -48.04  -47.81  -47.06  -45.80  -44.03  -42.23  -43.71  -45.51  -46.80  -47.59  -47.86  -47.62  -46.86  -45.59  -43.81  -41.54  -38.78  -35.55  -32.65
 225.0  -48.04  -47.81  -47.06  -45.80  -44.03  -42.27  -43.82  -45.63  -46.94  -47.74  -48.03  -47.79  -47.04  -45.78  -44.02  -41.75  -39.00  -35.78  -32.87
 230.0  -48.04  -47.81  -47.06  -45.80  -44.03  -42.24  -43.73  -45.53  -46.83  -47.62  -47.89  -47.65  -46.89  -45.62  -43.85  -41.58  -38.82  -35.59  -32.69
 235.0  -48.04  -47.81  -47.06  -45.80  -44.03  -42.14  -43.44  -45.20  -46.46  -47.21  -47.45  -47.18  -46.39  -45.10  -43.31  -41.02  -38.25  -35.01  -32.10
 240.0  -48.04  -47.81  -47.06  -45.80  -44.03  -41.97  -42.96  -44.65  -45.85  -46.54  -46.72  -46.39  -45.56  -44.23  -42.40  -40.08  -37.28  -34.03  -31.11
 245.0  -48.04  -47.81  -47.06  -45.80  -44.03  -41.72  -42.29  -43.88  -44.98  -45.59  -45.69  -45.29  -44.39  -43.00  -41.12  -38.76  -35.93  -32.65  -29.71
 250.0  -48.04  -47.81  -47.06  -45.80  -44.03  -41.70  -42.21  -43.79  -44.88  -45.48  -45.57  -45.16  -44.26  -42.86  -40.97  -38.61  -35.77  -32.49  -29.55
 255.0  -48.04  -47.81  -47.06  -45.80  -44.03  -41.94  -42.90  -44.59  -45.77  -46.45  -46.63  -46.30  -45.46  -44.12  -42.29  -39.96  -37.17  -33.91  -30.98
 260.0  -48.04  -47.81  -47.06  -45.80  -44.03  -42.12  -43.40  -45.16  -46.41  -47.16  -47.39  -47.12  -46.33  -45.03  -43.23  -40.94  -38.17  -34.93  -32.02
 265.0  -48.04  -47.81  -47.06  -45.80  -44.03  -42.23  -43.71  -45.51  -46.80  -47.59  -47.86  -47.62  -46.86  -45.59  -43.81  -41.54  -38.78  -35.55  -32.65
 270.0  -48.04  -47.81  -47.06  -45.80  -44.03  -42.27  -43.82  -45.63  -46.94  -47.74  -48.03  -47.79  -47.04  -45.78  -44.02  -41.75  -39.00  -35.78  -32.87
 275.0  -48.04  -47.81  -47.06  -45.80  -44.03  -42.24  -43.73  -45.53  -46.83  -47.62  -47.89  -47.65  -46.89  -45.62  -43.85  -41.58  -38.82  -35.59  -32.69
 280.0  -48.04  -47.81  -47.06  -45.80  -44.03  -42.14  -43.44  -45.20  -46.46  -47.21  -47.45  -47.18  -46.39  -45.10  -43.31  -41.02  -38.25  -35.01  -32.10
 285.0  -48.04  -47.81  -47.06  -45.80  -44.03  -41.97  -42.96  -44.65  -45.85  -46.54  -46.72  -46.39  -45.56  -44.23  -42.40  -40.08  -37.28  -34.03  -31.11
 290.0  -48.04  -47.81  -47.06  -45.80  -44.03  -41.72  -42.29  -43.88  -44.98  -45.59  -45.69  -45.29  -44.39  -43.00  -41.12  -38.76  -35.93  -32.65  -29.71
 295.0  -48.04  -47.81  -47.06  -45.80  -44.03  -41.70  -42.21  -43.79  -44.88  -45.48  -45.57  -45.16  -44.26  -42.86  -40.97  -38.61  -35.77  -32.49  -29.55
 300.0  -48.04  -47.81  -47.06  -45.80  -44.03  -41.94  -42.90  -44.59  -45.77  -46.45  -46.63  -46.30  -45.46  -44.12  -42.29  -39.96  -37.17  -33.91  -30.98
 305.0  -48.04  -47.81  -47.06  -45.80  -44.03  -42.12  -43.40  -45.16  -46.41  -47.16  -47.39  -47.12  -46.33  -45.03  -43.23  -40.94  -38.17  -34.93  -32.02
 310.0  -48.04  -47.81  -47.06  -45.80  -44.03  -42.23  -43.71  -45.51  -46.80  -47.59  -47.86  -47.62  -46.86  -45.59  -43.81  -41.54  -38.78  -35.55  -32.65
 315.0  -48.04  -47.81  -47.06  -45.80  -44.03  -42.27  -43.82  -45.63  -46.94  -47.74  -48.03  -47.79  -47.04  -45.78  -44.02  -41.75  -39.00  -35.78  -32.87
 320.0  -48.04  -47.81  -47.06  -45.80  -44.03  -42.24  -43.73  -45.53  -46.83  -47.62  -47.89  -47.65  -46.89  -45.62  -43.85  -41.58  -38.82  -35.59  -32.69
 325.0  -48.04  -47.81  -47.06  -45.80  -44.03  -42.14  -43.44  -45.20  -46.46  -47.21  -47.45  -47.18  -46.39  -45.10  -43.31  -41.02  -38.25  -35.01  -32.10
 330.0  -48.04  -47.81  -47.06  -45.80  -44.03  -41.97  -42.96  -44.65  -45.85  -46.54  -46.72  -46.39  -45.56  -44.23  -42.40  -40.08  -37.28  -34.03  -31.11
 335.0  -48.04  -47.81  -47.06  -45.80  -44.03  -41.72  -42.29  -43.88  -44.98  -45.59  -45.69  -45.29  -44.39  -43.00  -41.12  -38.76  -35.93  -32.65  -29.71
 340.0  -48.04  -47.81  -47.06  -45.80  -44.03  -41.70  -42.21  -43.79  -44.88  -45.48  -45.57  -45.16  -44.26  -42.86  -40.97  -38.61  -35.77  -32.49  -29.55
 345.0  -48.04  -47.81  -47.06  -45.80  -44.03  -41.94  -42.90  -44.59  -45.77  -46.45  -46.63  -46.30  -45.46  -44.12  -42.29  -39.96  -37.17  -33.91  -30.98
 350.0  -48.04  -47.81  -47.06  -45.80  -44.03  -42.12  -43.40  -45.16  -46.41  -47.16  -47.39  -47.12  -46.33  -45.03  -43.23  -40.94  -38.17  -34.93  -32.02
 355.0  -48.04  -47.81  -47.06  -45.80  -44.03  -42.23  -43.71  -45.51  -46.80  -47.59  -47.86  -47.62  -46.86  -45.59  -43.81  -41.54  -38.78  -35.55  -32.65
 360.0  -48.04  -47.81  -47.06  -45.80  -44.03  -42.27  -43.82  -45.63  -46.94  -47.74  -48.02  -47.79  -47.04  -45.78  -44.01  -41.75  -39.00  -35.77  -32.87
END OF LRA