START OF LRA
   5.0                                                     DAZI
   0.0   90.0    5.0                                       ZEN1 / ZEN2 / DZEN
 355.0                                                     WAVELENGTH
   0.0    4.28    3.28    2.12    1.17    0.42   -0.13   -0.48   -0.62   -0.55   -0.29    0.18    0.85    1.72    2.80    4.09    5.44     NaN     NaN     NaN
   5.0    4.26    3.20    1.96    0.92    0.09   -0.53   -0.94   -1.15   -1.16   -0.96   -0.55    0.07    0.89    1.91    3.15    4.59    5.67     NaN     NaN
  10.0    4.24    3.10    1.75    0.62   -0.30   -1.01   -1.51   -1.80   -1.89   -1.76   -1.43   -0.88   -0.12    0.84    2.02    3.41    4.97    5.85     NaN
  15.0    4.22    3.01    1.58    0.36   -0.65   -1.44   -2.01   -2.38   -2.53   -2.47   -2.19   -1.71   -1.01   -0.09    1.03    2.37    3.93    5.42     NaN
  20.0    4.21    2.93    1.42    0.13   -0.94   -1.80   -2.44   -2.86   -3.07   -3.07   -2.85   -2.41   -1.76   -0.89    0.19    1.50    3.02    4.76    5.85
  25.0    4.19    2.87    1.30   -0.06   -1.19   -2.10   -2.79   -3.27   -3.52   -3.56   -3.39   -2.99   -2.38   -1.55   -0.49    0.78    2.27    3.99    5.46
  30.0    4.18    2.82    1.20   -0.20   -1.38   -2.33   -3.07   -3.58   -3.88   -3.95   -3.81   -3.44   -2.86   -2.06   -1.03    0.21    1.68    3.38    4.89
  35.0    4.17    2.78    1.12   -0.31   -1.52   -2.50   -3.27   -3.81   -4.13   -4.23   -4.11   -3.77   -3.21   -2.43   -1.42   -0.19    1.26    2.94    4.45
  40.0    4.17    2.76    1.08   -0.37   -1.60   -2.61   -3.39   -3.95   -4.29   -4.40   -4.30   -3.97   -3.42   -2.65   -1.66   -0.44    1.00    2.68    4.17
  45.0    4.17    2.75    1.06   -0.40   -1.63   -2.65   -3.43   -4.00   -4.34   -4.46   -4.36   -4.04   -3.50   -2.73   -1.74   -0.53    0.91    2.58    4.08
  50.0    4.17    2.76    1.08   -0.38   -1.61   -2.62   -3.40   -3.96   -4.30   -4.42   -4.31   -3.98   -3.44   -2.67   -1.67   -0.45    0.99    2.66    4.16
  55.0    4.17    2.78    1.12   -0.32   -1.53   -2.52   -3.28   -3.83   -4.15   -4.26   -4.14   -3.80   -3.24   -2.46   -1.45   -0.22    1.23    2.91    4.41
  60.0    4.18    2.82    1.19   -0.22   -1.40   -2.35   -3.09   -3.61   -3.91   -3.99   -3.84   -3.48   -2.90   -2.10   -1.08    0.17    1.63    3.33    4.84
  65.0    4.19    2.87    1.29   -0.07   -1.21   -2.12   -2.82   -3.30   -3.56   -3.61   -3.43   -3.04   -2.43   -1.60   -0.56    0.71    2.20    3.92    5.42
  70.0    4.20    2.93    1.41    0.11   -0.97   -1.83   -2.48   -2.91   -3.12   -3.12   -2.91   -2.47   -1.83   -0.96    0.12    1.42    2.94    4.68    5.81
  75.0    4.22    3.00    1.56    0.33   -0.68   -1.47   -2.06   -2.43   -2.59   -2.53   -2.26   -1.78   -1.09   -0.18    0.94    2.28    3.83    5.37     NaN
  80.0    4.24    3.09    1.74    0.59   -0.34   -1.06   -1.57   -1.87   -1.96   -1.84   -1.51   -0.97   -0.22    0.74    1.91    3.30    4.88    5.82     NaN
  85.0    4.26    3.19    1.94    0.89    0.05   -0.58   -1.00   -1.22   -1.23   -1.04   -0.64   -0.03    0.78    1.80    3.03    4.47    5.61     NaN     NaN
  90.0    4.28    3.28    2.11    1.15    0.39   -0.16   -0.51   -0.65   -0.60   -0.34    0.13    0.80    1.67    2.74    4.02    5.39    6.06     NaN     NaN
  95.0    4.26    3.20    1.96    0.92    0.09   -0.53   -0.94   -1.15   -1.16   -0.96   -0.55    0.07    0.89    1.91    3.15    4.59    5.67     NaN     NaN
 100.0    4.24    3.10    1.75    0.62   -0.30   -1.01   -1.51   -1.80   -1.89   -1.76   -1.43   -0.88   -0.12    0.84    2.02    3.41    4.97    5.85     NaN
 105.0    4.22    3.01    1.58    0.36   -0.65   -1.44   -2.01   -2.38   -2.53   -2.47   -2.19   -1.71   -1.01   -0.09    1.03    2.37    3.93    5.42     NaN
 110.0    4.21    2.93    1.42    0.13   -0.94   -1.80   -2.44   -2.86   -3.07   -3.07   -2.85   -2.41   -1.76   -0.89    0.19    1.50    3.02    4.76    5.85
 115.0    4.19    2.87    1.30   -0.06   -1.19   -2.10   -2.79   -3.27   -3.52   -3.56   -3.39   -2.99   -2.38   -1.55   -0.49    0.78    2.27    3.99    5.46
 120.0    4.18    2.82    1.20   -0.20   -1.38   -2.33   -3.07   -3.58   -3.88   -3.95   -3.81   -3.44   -2.86   -2.06   -1.03    0.21    1.68    3.38    4.89
 125.0    4.17    2.78    1.12   -0.31   -1.52   -2.50   -3.27   -3.81   -4.13   -4.23   -4.11   -3.77   -3.21   -2.43   -1.42   -0.19    1.26    2.94    4.45
 130.0    4.17    2.76    1.08   -0.37   -1.60   -2.61   -3.39   -3.95   -4.29   -4.40   -4.30   -3.97   -3.42   -2.65   -1.66   -0.44    1.00    2.68    4.17
 135.0    4.17    2.75    1.06   -0.40   -1.63   -2.65   -3.43   -4.00   -4.34   -4.46   -4.36   -4.04   -3.50   -2.73   -1.74   -0.53    0.91    2.58    4.08
 140.0    4.17    2.76    1.08   -0.38   -1.61   -2.62   -3.40   -3.96   -4.30   -4.42   -4.31   -3.98   -3.44   -2.67   -1.67   -0.45    0.99    2.66    4.16
 145.0    4.17    2.78    1.12   -0.32   -1.53   -2.52   -3.28   -3.83   -4.15   -4.26   -4.14   -3.80   -3.24   -2.46   -1.45   -0.22    1.23    2.91    4.41
 150.0    4.18    2.82    1.19   -0.22   -1.40   -2.35   -3.09   -3.61   -3.91   -3.99   -3.84   -3.48   -2.90   -2.10   -1.08    0.17    1.63    3.33    4.84
 155.0    4.19    2.87    1.29   -0.07   -1.21   -2.12   -2.82   -3.30   -3.56   -3.61   -3.43   -3.04   -2.43   -1.60   -0.56    0.71    2.20    3.92    5.42
 160.0    4.20    2.93    1.41    0.11   -0.97   -1.83   -2.48   -2.91   -3.12   -3.12   -2.91   -2.47   -1.83   -0.96    0.12    1.42    2.94    4.68    5.81
 165.0    4.22    3.00    1.56    0.33   -0.68   -1.47   -2.06   -2.43   -2.59   -2.53   -2.26   -1.78   -1.09   -0.18    0.94    2.28    3.83    5.37     NaN
 170.0    4.24    3.09    1.74    0.59   -0.34   -1.06   -1.57   -1.87   -1.96   -1.84   -1.51   -0.97   -0.22    0.74    1.91    3.30    4.88    5.82     NaN
 175.0    4.26    3.19    1.94    0.89    0.05   -0.58   -1.00   -1.22   -1.23   -1.04   -0.64   -0.03    0.78    1.80    3.03    4.47    5.61     NaN     NaN
 180.0    4.28    3.28    2.11    1.15    0.39   -0.16   -0.51   -0.65   -0.60   -0.34    0.13    0.80    1.67    2.74    4.02    5.39    6.06     NaN     NaN
 185.0    4.26    3.20    1.96    0.92    0.09   -0.53   -0.94   -1.15   -1.16   -0.96   -0.55    0.07    0.89    1.91    3.15    4.59    5.67     NaN     NaN
 190.0    4.24    3.10    1.75    0.62   -0.30   -1.01   -1.51   -1.80   -1.89   -1.76   -1.43   -0.88   -0.12    0.84    2.02    3.41    4.97    5.85     NaN
 195.0    4.22    3.01    1.58    0.36   -0.65   -1.44   -2.01   -2.38   -2.53   -2.47   -2.19   -1.71   -1.01   -0.09    1.03    2.37    3.93    5.42     NaN
 200.0    4.21    2.93    1.42    0.13   -0.94   -1.80   -2.44   -2.86   -3.07   -3.07   -2.85   -2.41   -1.76   -0.89    0.19    1.50    3.02    4.76    5.85
 205.0    4.19    2.87    1.30   -0.06   -1.19   -2.10   -2.79   -3.27   -3.52   -3.56   -3.39   -2.99   -2.38   -1.55   -0.49    0.78    2.27    3.99    5.46
 210.0    4.18    2.82    1.20   -0.20   -1.38   -2.33   -3.07   -3.58   -3.88   -3.95   -3.81   -3.44   -2.86   -2.06   -1.03    0.21    1.68    3.38    4.89
 215.0    4.17    2.78    1.12   -0.31   -1.52   -2.50   -3.27   -3.81   -4.13   -4.23   -4.11   -3.77   -3.21   -2.43   -1.42   -0.19    1.26    2.94    4.45
 220.0    4.17    2.76    1.08   -0.37   -1.60   -2.61   -3.39   -3.95   -4.29   -4.40   -4.30   -3.97   -3.42   -2.65   -1.66   -0.44    1.00    2.68    4.17
 225.0    4.17    2.75    1.06   -0.40   -1.63   -2.65   -3.43   -4.00   -4.34   -4.46   -4.36   -4.04   -3.50   -2.73   -1.74   -0.53    0.91    2.58    4.08
 230.0    4.17    2.76    1.08   -0.38   -1.61   -2.62   -3.40   -3.96   -4.30   -4.42   -4.31   -3.98   -3.44   -2.67   -1.67   -0.45    0.99    2.66    4.16
 235.0    4.17    2.78    1.12   -0.32   -1.53   -2.52   -3.28   -3.83   -4.15   -4.26   -4.14   -3.80   -3.24   -2.46   -1.45   -0.22    1.23    2.91    4.41
 240.0    4.18    2.82    1.19   -0.22   -1.40   -2.35   -3.09   -3.61   -3.91   -3.99   -3.84   -3.48   -2.90   -2.10   -1.08    0.17    1.63    3.33    4.84
 245.0    4.19    2.87    1.29   -0.07   -1.21   -2.12   -2.82   -3.30   -3.56   -3.61   -3.43   -3.04   -2.43   -1.60   -0.56    0.71    2.20    3.92    5.42
 250.0    4.20    2.93    1.41    0.11   -0.97   -1.83   -2.48   -2.91   -3.12   -3.12   -2.91   -2.47   -1.83   -0.96    0.12    1.42    2.94    4.68    5.81
 255.0    4.22    3.00    1.56    0.33   -0.68   -1.47   -2.06   -2.43   -2.59   -2.53   -2.26   -1.78   -1.09   -0.18    0.94    2.28    3.83    5.37     NaN
 260.0    4.24    3.09    1.74    0.59   -0.34   -1.06   -1.57   -1.87   -1.96   -1.84   -1.51   -0.97   -0.22    0.74    1.91    3.30    4.88    5.82     NaN
 265.0    4.26    3.19    1.94    0.89    0.05   -0.58   -1.00   -1.22   -1.23   -1.04   -0.64   -0.03    0.78    1.80    3.03    4.47    5.61     NaN     NaN
 270.0    4.28    3.28    2.11    1.15    0.39   -0.16   -0.51   -0.65   -0.60   -0.34    0.13    0.80    1.67    2.74    4.02    5.39    6.06     NaN     NaN
 275.0    4.26    3.20    1.96    0.92    0.09   -0.53   -0.94   -1.15   -1.16   -0.96   -0.55    0.07    0.89    1.91    3.15    4.59    5.67     NaN     NaN
 280.0    4.24    3.10    1.75    0.62   -0.30   -1.01   -1.51   -1.80   -1.89   -1.76   -1.43   -0.88   -0.12    0.84    2.02    3.41    4.97    5.85     NaN
 285.0    4.22    3.01    1.58    0.36   -0.65   -1.44   -2.01   -2.38   -2.53   -2.47   -2.19   -1.71   -1.01   -0.09    1.03    2.37    3.93    5.42     NaN
 290.0    4.21    2.93    1.42    0.13   -0.94   -1.80   -2.44   -2.86   -3.07   -3.07   -2.85   -2.41   -1.76   -0.89    0.19    1.50    3.02    4.76    5.85
 295.0    4.19    2.87    1.30   -0.06   -1.19   -2.10   -2.79   -3.27   -3.52   -3.56   -3.39   -2.99   -2.38   -1.55   -0.49    0.78    2.27    3.99    5.46
 300.0    4.18    2.82    1.20   -0.20   -1.38   -2.33   -3.07   -3.58   -3.88   -3.95   -3.81   -3.44   -2.86   -2.06   -1.03    0.21    1.68    3.38    4.89
 305.0    4.17    2.78    1.12   -0.31   -1.52   -2.50   -3.27   -3.81   -4.13   -4.23   -4.11   -3.77   -3.21   -2.43   -1.42   -0.19    1.26    2.94    4.45
 310.0    4.17    2.76    1.08   -0.37   -1.60   -2.61   -3.39   -3.95   -4.29   -4.40   -4.30   -3.97   -3.42   -2.65   -1.66   -0.44    1.00    2.68    4.17
 315.0    4.17    2.75    1.06   -0.40   -1.63   -2.65   -3.43   -4.00   -4.34   -4.46   -4.36   -4.04   -3.50   -2.73   -1.74   -0.53    0.91    2.58    4.08
 320.0    4.17    2.76    1.08   -0.38   -1.61   -2.62   -3.40   -3.96   -4.30   -4.42   -4.31   -3.98   -3.44   -2.67   -1.67   -0.45    0.99    2.66    4.16
 325.0    4.17    2.78    1.12   -0.32   -1.53   -2.52   -3.28   -3.83   -4.15   -4.26   -4.14   -3.80   -3.24   -2.46   -1.45   -0.22    1.23    2.91    4.41
 330.0    4.18    2.82    1.19   -0.22   -1.40   -2.35   -3.09   -3.61   -3.91   -3.99   -3.84   -3.48   -2.90   -2.10   -1.08    0.17    1.63    3.33    4.84
 335.0    4.19    2.87    1.29   -0.07   -1.21   -2.12   -2.82   -3.30   -3.56   -3.61   -3.43   -3.04   -2.43   -1.60   -0.56    0.71    2.20    3.92    5.42
 340.0    4.20    2.93    1.41    0.11   -0.97   -1.83   -2.48   -2.91   -3.12   -3.12   -2.91   -2.47   -1.83   -0.96    0.12    1.42    2.94    4.68    5.81
 345.0    4.22    3.00    1.56    0.33   -0.68   -1.47   -2.06   -2.43   -2.59   -2.53   -2.26   -1.78   -1.09   -0.18    0.94    2.28    3.83    5.37     NaN
 350.0    4.24    3.09    1.74    0.59   -0.34   -1.06   -1.57   -1.87   -1.96   -1.84   -1.51   -0.97   -0.22    0.74    1.91    3.30    4.88    5.82     NaN
 355.0    4.26    3.19    1.94    0.89    0.05   -0.58   -1.00   -1.22   -1.23   -1.04   -0.64   -0.03    0.78    1.80    3.03    4.47    5.61     NaN     NaN
 360.0    4.28    3.28    2.11    1.15    0.39   -0.16   -0.51   -0.65   -0.60   -0.34    0.13    0.80    1.67    2.74    4.02    5.39    6.06     NaN     NaN
END OF LRA