START OF LRA
   5.0                                                     DAZI
   0.0   90.0    5.0                                       ZEN1 / ZEN2 / DZEN
 425.0                                                     WAVELENGTH
   0.0    3.44    2.46    1.31    0.36   -0.38   -0.92   -1.26   -1.40   -1.34   -1.08   -0.61    0.05    0.92    1.98    3.26    4.59     NaN     NaN     NaN
   5.0    3.43    2.37    1.14    0.12   -0.70   -1.31   -1.72   -1.93   -1.94   -1.74   -1.33   -0.73    0.09    1.10    2.33    3.76    4.82     NaN     NaN
  10.0    3.41    2.28    0.94   -0.18   -1.09   -1.79   -2.29   -2.58   -2.66   -2.53   -2.20   -1.66   -0.91    0.04    1.21    2.58    4.13    5.00     NaN
  15.0    3.39    2.19    0.77   -0.44   -1.43   -2.21   -2.78   -3.14   -3.29   -3.23   -2.96   -2.48   -1.79   -0.88    0.23    1.56    3.10    4.58     NaN
  20.0    3.37    2.11    0.62   -0.66   -1.72   -2.57   -3.20   -3.62   -3.83   -3.82   -3.61   -3.18   -2.53   -1.67   -0.60    0.69    2.20    3.92    5.00
  25.0    3.36    2.05    0.49   -0.85   -1.96   -2.87   -3.55   -4.02   -4.28   -4.32   -4.14   -3.75   -3.14   -2.32   -1.28   -0.02    1.45    3.15    4.62
  30.0    3.35    2.00    0.39   -0.99   -2.16   -3.10   -3.83   -4.33   -4.63   -4.70   -4.56   -4.20   -3.62   -2.83   -1.81   -0.58    0.87    2.55    4.05
  35.0    3.34    1.96    0.32   -1.10   -2.29   -3.27   -4.02   -4.56   -4.88   -4.98   -4.86   -4.52   -3.97   -3.19   -2.20   -0.98    0.46    2.12    3.61
  40.0    3.33    1.94    0.28   -1.16   -2.38   -3.37   -4.14   -4.70   -5.03   -5.15   -5.04   -4.72   -4.18   -3.41   -2.43   -1.23    0.20    1.86    3.34
  45.0    3.33    1.94    0.26   -1.18   -2.41   -3.41   -4.19   -4.75   -5.09   -5.21   -5.11   -4.79   -4.25   -3.49   -2.51   -1.31    0.11    1.76    3.24
  50.0    3.33    1.94    0.28   -1.17   -2.38   -3.38   -4.15   -4.71   -5.04   -5.16   -5.05   -4.73   -4.19   -3.43   -2.45   -1.24    0.19    1.84    3.32
  55.0    3.34    1.96    0.32   -1.11   -2.30   -3.28   -4.04   -4.58   -4.90   -5.00   -4.88   -4.55   -3.99   -3.22   -2.23   -1.01    0.42    2.09    3.57
  60.0    3.35    2.00    0.38   -1.00   -2.17   -3.12   -3.85   -4.36   -4.66   -4.73   -4.59   -4.24   -3.66   -2.87   -1.86   -0.63    0.83    2.50    4.00
  65.0    3.36    2.04    0.48   -0.86   -1.99   -2.89   -3.58   -4.06   -4.32   -4.36   -4.19   -3.80   -3.20   -2.38   -1.34   -0.09    1.39    3.09    4.57
  70.0    3.37    2.11    0.60   -0.68   -1.75   -2.60   -3.24   -3.67   -3.88   -3.88   -3.67   -3.24   -2.60   -1.74   -0.67    0.61    2.12    3.84    4.96
  75.0    3.38    2.18    0.75   -0.46   -1.46   -2.25   -2.83   -3.19   -3.35   -3.29   -3.03   -2.55   -1.87   -0.97    0.14    1.46    3.00    4.53     NaN
  80.0    3.40    2.27    0.93   -0.20   -1.12   -1.84   -2.34   -2.64   -2.73   -2.61   -2.28   -1.75   -1.01   -0.06    1.10    2.47    4.04    4.97     NaN
  85.0    3.42    2.36    1.12    0.09   -0.74   -1.36   -1.78   -2.00   -2.01   -1.82   -1.42   -0.82   -0.02    0.99    2.21    3.63    4.76     NaN     NaN
  90.0    3.44    2.45    1.30    0.35   -0.40   -0.95   -1.29   -1.44   -1.38   -1.12   -0.66   -0.00    0.86    1.92    3.19    4.55    5.21     NaN     NaN
  95.0    3.43    2.37    1.14    0.12   -0.70   -1.31   -1.72   -1.93   -1.94   -1.74   -1.33   -0.73    0.09    1.10    2.33    3.76    4.82     NaN     NaN
 100.0    3.41    2.28    0.94   -0.18   -1.09   -1.79   -2.29   -2.58   -2.66   -2.53   -2.20   -1.66   -0.91    0.04    1.21    2.58    4.13    5.00     NaN
 105.0    3.39    2.19    0.77   -0.44   -1.43   -2.21   -2.78   -3.14   -3.29   -3.23   -2.96   -2.48   -1.79   -0.88    0.23    1.56    3.10    4.58     NaN
 110.0    3.37    2.11    0.62   -0.66   -1.72   -2.57   -3.20   -3.62   -3.83   -3.82   -3.61   -3.18   -2.53   -1.67   -0.60    0.69    2.20    3.92    5.00
 115.0    3.36    2.05    0.49   -0.85   -1.96   -2.87   -3.55   -4.02   -4.28   -4.32   -4.14   -3.75   -3.14   -2.32   -1.28   -0.02    1.45    3.15    4.62
 120.0    3.35    2.00    0.39   -0.99   -2.16   -3.10   -3.83   -4.33   -4.63   -4.70   -4.56   -4.20   -3.62   -2.83   -1.81   -0.58    0.87    2.55    4.05
 125.0    3.34    1.96    0.32   -1.10   -2.29   -3.27   -4.02   -4.56   -4.88   -4.98   -4.86   -4.52   -3.97   -3.19   -2.20   -0.98    0.46    2.12    3.61
 130.0    3.33    1.94    0.28   -1.16   -2.38   -3.37   -4.14   -4.70   -5.03   -5.15   -5.04   -4.72   -4.18   -3.41   -2.43   -1.23    0.20    1.86    3.34
 135.0    3.33    1.94    0.26   -1.18   -2.41   -3.41   -4.19   -4.75   -5.09   -5.21   -5.11   -4.79   -4.25   -3.49   -2.51   -1.31    0.11    1.76    3.24
 140.0    3.33    1.94    0.28   -1.17   -2.38   -3.38   -4.15   -4.71   -5.04   -5.16   -5.05   -4.73   -4.19   -3.43   -2.45   -1.24    0.19    1.84    3.32
 145.0    3.34    1.96    0.32   -1.11   -2.30   -3.28   -4.04   -4.58   -4.90   -5.00   -4.88   -4.55   -3.99   -3.22   -2.23   -1.01    0.42    2.09    3.57
 150.0    3.35    2.00    0.38   -1.00   -2.17   -3.12   -3.85   -4.36   -4.66   -4.73   -4.59   -4.24   -3.66   -2.87   -1.86   -0.63    0.83    2.50    4.00
 155.0    3.36    2.04    0.48   -0.86   -1.99   -2.89   -3.58   -4.06   -4.32   -4.36   -4.19   -3.80   -3.20   -2.38   -1.34   -0.09    1.39    3.09    4.57
 160.0    3.37    2.11    0.60   -0.68   -1.75   -2.60   -3.24   -3.67   -3.88   -3.88   -3.67   -3.24   -2.60   -1.74   -0.67    0.61    2.12    3.84    4.96
 165.0    3.38    2.18    0.75   -0.46   -1.46   -2.25   -2.83   -3.19   -3.35   -3.29   -3.03   -2.55   -1.87   -0.97    0.14    1.46    3.00    4.53     NaN
 170.0    3.40    2.27    0.93   -0.20   -1.12   -1.84   -2.34   -2.64   -2.73   -2.61   -2.28   -1.75   -1.01   -0.06    1.10    2.47    4.04    4.97     NaN
 175.0    3.42    2.36    1.12    0.09   -0.74   -1.36   -1.78   -2.00   -2.01   -1.82   -1.42   -0.82   -0.02    0.99    2.21    3.63    4.76     NaN     NaN
 180.0    3.44    2.45    1.30    0.35   -0.40   -0.95   -1.29   -1.44   -1.38   -1.12   -0.66   -0.00    0.86    1.92    3.19    4.55    5.21     NaN     NaN
 185.0    3.43    2.37    1.14    0.12   -0.70   -1.31   -1.72   -1.93   -1.94   -1.74   -1.33   -0.73    0.09    1.10    2.33    3.76    4.82     NaN     NaN
 190.0    3.41    2.28    0.94   -0.18   -1.09   -1.79   -2.29   -2.58   -2.66   -2.53   -2.20   -1.66   -0.91    0.04    1.21    2.58    4.13    5.00     NaN
 195.0    3.39    2.19    0.77   -0.44   -1.43   -2.21   -2.78   -3.14   -3.29   -3.23   -2.96   -2.48   -1.79   -0.88    0.23    1.56    3.10    4.58     NaN
 200.0    3.37    2.11    0.62   -0.66   -1.72   -2.57   -3.20   -3.62   -3.83   -3.82   -3.61   -3.18   -2.53   -1.67   -0.60    0.69    2.20    3.92    5.00
 205.0    3.36    2.05    0.49   -0.85   -1.96   -2.87   -3.55   -4.02   -4.28   -4.32   -4.14   -3.75   -3.14   -2.32   -1.28   -0.02    1.45    3.15    4.62
 210.0    3.35    2.00    0.39   -0.99   -2.16   -3.10   -3.83   -4.33   -4.63   -4.70   -4.56   -4.20   -3.62   -2.83   -1.81   -0.58    0.87    2.55    4.05
 215.0    3.34    1.96    0.32   -1.10   -2.29   -3.27   -4.02   -4.56   -4.88   -4.98   -4.86   -4.52   -3.97   -3.19   -2.20   -0.98    0.46    2.12    3.61
 220.0    3.33    1.94    0.28   -1.16   -2.38   -3.37   -4.14   -4.70   -5.03   -5.15   -5.04   -4.72   -4.18   -3.41   -2.43   -1.23    0.20    1.86    3.34
 225.0    3.33    1.94    0.26   -1.18   -2.41   -3.41   -4.19   -4.75   -5.09   -5.21   -5.11   -4.79   -4.25   -3.49   -2.51   -1.31    0.11    1.76    3.24
 230.0    3.33    1.94    0.28   -1.17   -2.38   -3.38   -4.15   -4.71   -5.04   -5.16   -5.05   -4.73   -4.19   -3.43   -2.45   -1.24    0.19    1.84    3.32
 235.0    3.34    1.96    0.32   -1.11   -2.30   -3.28   -4.04   -4.58   -4.90   -5.00   -4.88   -4.55   -3.99   -3.22   -2.23   -1.01    0.42    2.09    3.57
 240.0    3.35    2.00    0.38   -1.00   -2.17   -3.12   -3.85   -4.36   -4.66   -4.73   -4.59   -4.24   -3.66   -2.87   -1.86   -0.63    0.83    2.50    4.00
 245.0    3.36    2.04    0.48   -0.86   -1.99   -2.89   -3.58   -4.06   -4.32   -4.36   -4.19   -3.80   -3.20   -2.38   -1.34   -0.09    1.39    3.09    4.57
 250.0    3.37    2.11    0.60   -0.68   -1.75   -2.60   -3.24   -3.67   -3.88   -3.88   -3.67   -3.24   -2.60   -1.74   -0.67    0.61    2.12    3.84    4.96
 255.0    3.38    2.18    0.75   -0.46   -1.46   -2.25   -2.83   -3.19   -3.35   -3.29   -3.03   -2.55   -1.87   -0.97    0.14    1.46    3.00    4.53     NaN
 260.0    3.40    2.27    0.93   -0.20   -1.12   -1.84   -2.34   -2.64   -2.73   -2.61   -2.28   -1.75   -1.01   -0.06    1.10    2.47    4.04    4.97     NaN
 265.0    3.42    2.36    1.12    0.09   -0.74   -1.36   -1.78   -2.00   -2.01   -1.82   -1.42   -0.82   -0.02    0.99    2.21    3.63    4.76     NaN     NaN
 270.0    3.44    2.45    1.30    0.35   -0.40   -0.95   -1.29   -1.44   -1.38   -1.12   -0.66   -0.00    0.86    1.92    3.19    4.55    5.21     NaN     NaN
 275.0    3.43    2.37    1.14    0.12   -0.70   -1.31   -1.72   -1.93   -1.94   -1.74   -1.33   -0.73    0.09    1.10    2.33    3.76    4.82     NaN     NaN
 280.0    3.41    2.28    0.94   -0.18   -1.09   -1.79   -2.29   -2.58   -2.66   -2.53   -2.20   -1.66   -0.91    0.04    1.21    2.58    4.13    5.00     NaN
 285.0    3.39    2.19    0.77   -0.44   -1.43   -2.21   -2.78   -3.14   -3.29   -3.23   -2.96   -2.48   -1.79   -0.88    0.23    1.56    3.10    4.58     NaN
 290.0    3.37    2.11    0.62   -0.66   -1.72   -2.57   -3.20   -3.62   -3.83   -3.82   -3.61   -3.18   -2.53   -1.67   -0.60    0.69    2.20    3.92    5.00
 295.0    3.36    2.05    0.49   -0.85   -1.96   -2.87   -3.55   -4.02   -4.28   -4.32   -4.14   -3.75   -3.14   -2.32   -1.28   -0.02    1.45    3.15    4.62
 300.0    3.35    2.00    0.39   -0.99   -2.16   -3.10   -3.83   -4.33   -4.63   -4.70   -4.56   -4.20   -3.62   -2.83   -1.81   -0.58    0.87    2.55    4.05
 305.0    3.34    1.96    0.32   -1.10   -2.29   -3.27   -4.02   -4.56   -4.88   -4.98   -4.86   -4.52   -3.97   -3.19   -2.20   -0.98    0.46    2.12    3.61
 310.0    3.33    1.94    0.28   -1.16   -2.38   -3.37   -4.14   -4.70   -5.03   -5.15   -5.04   -4.72   -4.18   -3.41   -2.43   -1.23    0.20    1.86    3.34
 315.0    3.33    1.94    0.26   -1.18   -2.41   -3.41   -4.19   -4.75   -5.09   -5.21   -5.11   -4.79   -4.25   -3.49   -2.51   -1.31    0.11    1.76    3.24
 320.0    3.33    1.94    0.28   -1.17   -2.38   -3.38   -4.15   -4.71   -5.04   -5.16   -5.05   -4.73   -4.19   -3.43   -2.45   -1.24    0.19    1.84    3.32
 325.0    3.34    1.96    0.32   -1.11   -2.30   -3.28   -4.04   -4.58   -4.90   -5.00   -4.88   -4.55   -3.99   -3.22   -2.23   -1.01    0.42    2.09    3.57
 330.0    3.35    2.00    0.38   -1.00   -2.17   -3.12   -3.85   -4.36   -4.66   -4.73   -4.59   -4.24   -3.66   -2.87   -1.86   -0.63    0.83    2.50    4.00
 335.0    3.36    2.04    0.48   -0.86   -1.99   -2.89   -3.58   -4.06   -4.32   -4.36   -4.19   -3.80   -3.20   -2.38   -1.34   -0.09    1.39    3.09    4.57
 340.0    3.37    2.11    0.60   -0.68   -1.75   -2.60   -3.24   -3.67   -3.88   -3.88   -3.67   -3.24   -2.60   -1.74   -0.67    0.61    2.12    3.84    4.96
 345.0    3.38    2.18    0.75   -0.46   -1.46   -2.25   -2.83   -3.19   -3.35   -3.29   -3.03   -2.55   -1.87   -0.97    0.14    1.46    3.00    4.53     NaN
 350.0    3.40    2.27    0.93   -0.20   -1.12   -1.84   -2.34   -2.64   -2.73   -2.61   -2.28   -1.75   -1.01   -0.06    1.10    2.47    4.04    4.97     NaN
 355.0    3.42    2.36    1.12    0.09   -0.74   -1.36   -1.78   -2.00   -2.01   -1.82   -1.42   -0.82   -0.02    0.99    2.21    3.63    4.76     NaN     NaN
 360.0    3.44    2.45    1.30    0.35   -0.40   -0.95   -1.29   -1.44   -1.38   -1.12   -0.66   -0.00    0.86    1.92    3.19    4.54    5.21     NaN     NaN
END OF LRA