START OF LRA
   5.0                                                     DAZI
   0.0   90.0    5.0                                       ZEN1 / ZEN2 / DZEN
 425.0                                                     WAVELENGTH
   0.0  -48.64  -48.40  -47.66  -46.40  -44.64  -42.89  -44.43  -46.24  -47.55  -48.34  -48.63  -48.39  -47.65  -46.39  -44.63  -42.38  -39.64  -36.42  -33.53
   5.0  -48.64  -48.40  -47.66  -46.40  -44.64  -42.86  -44.34  -46.14  -47.43  -48.22  -48.49  -48.25  -47.49  -46.23  -44.46  -42.20  -39.46  -36.24  -33.35
  10.0  -48.64  -48.40  -47.66  -46.40  -44.64  -42.76  -44.06  -45.81  -47.07  -47.81  -48.05  -47.78  -47.00  -45.71  -43.92  -41.64  -38.88  -35.66  -32.76
  15.0  -48.64  -48.40  -47.66  -46.40  -44.64  -42.58  -43.58  -45.26  -46.45  -47.14  -47.32  -46.99  -46.17  -44.84  -43.01  -40.71  -37.92  -34.68  -31.77
  20.0  -48.64  -48.40  -47.66  -46.40  -44.64  -42.34  -42.91  -44.49  -45.59  -46.19  -46.29  -45.90  -45.00  -43.62  -41.74  -39.39  -36.57  -33.30  -30.38
  25.0  -48.64  -48.40  -47.66  -46.40  -44.64  -42.32  -42.83  -44.40  -45.49  -46.08  -46.17  -45.77  -44.87  -43.48  -41.60  -39.24  -36.42  -33.14  -30.22
  30.0  -48.64  -48.40  -47.66  -46.40  -44.64  -42.56  -43.52  -45.20  -46.38  -47.05  -47.23  -46.90  -46.06  -44.73  -42.90  -40.59  -37.80  -34.56  -31.65
  35.0  -48.64  -48.40  -47.66  -46.40  -44.64  -42.74  -44.02  -45.77  -47.02  -47.76  -47.99  -47.72  -46.93  -45.64  -43.85  -41.57  -38.81  -35.58  -32.68
  40.0  -48.64  -48.40  -47.66  -46.40  -44.64  -42.85  -44.32  -46.12  -47.41  -48.19  -48.46  -48.21  -47.46  -46.19  -44.42  -42.16  -39.42  -36.20  -33.31
  45.0  -48.64  -48.40  -47.66  -46.40  -44.64  -42.89  -44.43  -46.24  -47.54  -48.34  -48.62  -48.39  -47.64  -46.39  -44.63  -42.37  -39.63  -36.42  -33.53
  50.0  -48.64  -48.40  -47.66  -46.40  -44.64  -42.86  -44.34  -46.14  -47.43  -48.22  -48.49  -48.25  -47.49  -46.23  -44.46  -42.20  -39.46  -36.24  -33.35
  55.0  -48.64  -48.40  -47.66  -46.40  -44.64  -42.76  -44.06  -45.81  -47.07  -47.81  -48.05  -47.78  -47.00  -45.71  -43.92  -41.64  -38.88  -35.66  -32.76
  60.0  -48.64  -48.40  -47.66  -46.40  -44.64  -42.58  -43.58  -45.26  -46.45  -47.14  -47.32  -46.99  -46.17  -44.84  -43.01  -40.71  -37.92  -34.68  -31.77
  65.0  -48.64  -48.40  -47.66  -46.40  -44.64  -42.34  -42.91  -44.49  -45.59  -46.19  -46.29  -45.90  -45.00  -43.62  -41.74  -39.39  -36.57  -33.30  -30.38
  70.0  -48.64  -48.40  -47.66  -46.40  -44.64  -42.32  -42.83  -44.40  -45.49  -46.08  -46.17  -45.77  -44.87  -43.48  -41.60  -39.24  -36.42  -33.14  -30.22
  75.0  -48.64  -48.40  -47.66  -46.40  -44.64  -42.56  -43.52  -45.20  -46.38  -47.05  -47.23  -46.90  -46.06  -44.73  -42.90  -40.59  -37.80  -34.56  -31.65
  80.0  -48.64  -48.40  -47.66  -46.40  -44.64  -42.74  -44.02  -45.77  -47.02  -47.76  -47.99  -47.72  -46.93  -45.64  -43.85  -41.57  -38.81  -35.58  -32.68
  85.0  -48.64  -48.40  -47.66  -46.40  -44.64  -42.85  -44.32  -46.12  -47.41  -48.19  -48.46  -48.21  -47.46  -46.19  -44.42  -42.16  -39.42  -36.20  -33.31
  90.0  -48.64  -48.40  -47.66  -46.40  -44.64  -42.89  -44.43  -46.24  -47.54  -48.34  -48.62  -48.39  -47.64  -46.39  -44.63  -42.37  -39.63  -36.42  -33.53
  95.0  -48.64  -48.40  -47.66  -46.40  -44.64  -42.86  -44.34  -46.14  -47.43  -48.22  -48.49  -48.25  -47.49  -46.23  -44.46  -42.20  -39.46  -36.24  -33.35
 100.0  -48.64  -48.40  -47.66  -46.40  -44.64  -42.76  -44.06  -45.81  -47.07  -47.81  -48.05  -47.78  -47.00  -45.71  -43.92  -41.64  -38.88  -35.66  -32.76
 105.0  -48.64  -48.40  -47.66  -46.40  -44.64  -42.58  -43.58  -45.26  -46.45  -47.14  -47.32  -46.99  -46.17  -44.84  -43.01  -40.71  -37.92  -34.68  -31.77
 110.0  -48.64  -48.40  -47.66  -46.40  -44.64  -42.34  -42.91  -44.49  -45.59  -46.19  -46.29  -45.90  -45.00  -43.62  -41.74  -39.39  -36.57  -33.30  -30.38
 115.0  -48.64  -48.40  -47.66  -46.40  -44.64  -42.32  -42.83  -44.40  -45.49  -46.08  -46.17  -45.77  -44.87  -43.48  -41.60  -39.24  -36.42  -33.14  -30.22
 120.0  -48.64  -48.40  -47.66  -46.40  -44.64  -42.56  -43.52  -45.20  -46.38  -47.05  -47.23  -46.90  -46.06  -44.73  -42.90  -40.59  -37.80  -34.56  -31.65
 125.0  -48.64  -48.40  -47.66  -46.40  -44.64  -42.74  -44.02  -45.77  -47.02  -47.76  -47.99  -47.72  -46.93  -45.64  -43.85  -41.57  -38.81  -35.58  -32.68
 130.0  -48.64  -48.40  -47.66  -46.40  -44.64  -42.85  -44.32  -46.12  -47.41  -48.19  -48.46  -48.21  -47.46  -46.19  -44.42  -42.16  -39.42  -36.20  -33.31
 135.0  -48.64  -48.40  -47.66  -46.40  -44.64  -42.89  -44.43  -46.24  -47.54  -48.34  -48.62  -48.39  -47.64  -46.39  -44.63  -42.37  -39.63  -36.42  -33.53
 140.0  -48.64  -48.40  -47.66  -46.40  -44.64  -42.86  -44.34  -46.14  -47.43  -48.22  -48.49  -48.25  -47.49  -46.23  -44.46  -42.20  -39.46  -36.24  -33.35
 145.0  -48.64  -48.40  -47.66  -46.40  -44.64  -42.76  -44.06  -45.81  -47.07  -47.81  -48.05  -47.78  -47.00  -45.71  -43.92  -41.64  -38.88  -35.66  -32.76
 150.0  -48.64  -48.40  -47.66  -46.40  -44.64  -42.58  -43.58  -45.26  -46.45  -47.14  -47.32  -46.99  -46.17  -44.84  -43.01  -40.71  -37.92  -34.68  -31.77
 155.0  -48.64  -48.40  -47.66  -46.40  -44.64  -42.34  -42.91  -44.49  -45.59  -46.19  -46.29  -45.90  -45.00  -43.62  -41.74  -39.39  -36.57  -33.30  -30.38
 160.0  -48.64  -48.40  -47.66  -46.40  -44.64  -42.32  -42.83  -44.40  -45.49  -46.08  -46.17  -45.77  -44.87  -43.48  -41.60  -39.24  -36.42  -33.14  -30.22
 165.0  -48.64  -48.40  -47.66  -46.40  -44.64  -42.56  -43.52  -45.20  -46.38  -47.05  -47.23  -46.90  -46.06  -44.73  -42.90  -40.59  -37.80  -34.56  -31.65
 170.0  -48.64  -48.40  -47.66  -46.40  -44.64  -42.74  -44.02  -45.77  -47.02  -47.76  -47.99  -47.72  -46.93  -45.64  -43.85  -41.57  -38.81  -35.58  -32.68
 175.0  -48.64  -48.40  -47.66  -46.40  -44.64  -42.85  -44.32  -46.12  -47.41  -48.19  -48.46  -48.21  -47.46  -46.19  -44.42  -42.16  -39.42  -36.20  -33.31
 180.0  -48.64  -48.40  -47.66  -46.40  -44.64  -42.89  -44.43  -46.24  -47.54  -48.34  -48.62  -48.39  -47.64  -46.39  -44.63  -42.37  -39.63  -36.42  -33.53
 185.0  -48.64  -48.40  -47.66  -46.40  -44.64  -42.86  -44.34  -46.14  -47.43  -48.22  -48.49  -48.25  -47.49  -46.23  -44.46  -42.20  -39.46  -36.24  -33.35
 190.0  -48.64  -48.40  -47.66  -46.40  -44.64  -42.76  -44.06  -45.81  -47.07  -47.81  -48.05  -47.78  -47.00  -45.71  -43.92  -41.64  -38.88  -35.66  -32.76
 195.0  -48.64  -48.40  -47.66  -46.40  -44.64  -42.58  -43.58  -45.26  -46.45  -47.14  -47.32  -46.99  -46.17  -44.84  -43.01  -40.71  -37.92  -34.68  -31.77
 200.0  -48.64  -48.40  -47.66  -46.40  -44.64  -42.34  -42.91  -44.49  -45.59  -46.19  -46.29  -45.90  -45.00  -43.62  -41.74  -39.39  -36.57  -33.30  -30.38
 205.0  -48.64  -48.40  -47.66  -46.40  -44.64  -42.32  -42.83  -44.40  -45.49  -46.08  -46.17  -45.77  -44.87  -43.48  -41.60  -39.24  -36.42  -33.14  -30.22
 210.0  -48.64  -48.40  -47.66  -46.40  -44.64  -42.56  -43.52  -45.20  -46.38  -47.05  -47.23  -46.90  -46.06  -44.73  -42.90  -40.59  -37.80  -34.56  -31.65
 215.0  -48.64  -48.40  -47.66  -46.40  -44.64  -42.74  -44.02  -45.77  -47.02  -47.76  -47.99  -47.72  -46.93  -45.64  -43.85  -41.57  -38.81  -35.58  -32.68
 220.0  -48.64  -48.40  -47.66  -46.40  -44.64  -42.85  -44.32  -46.12  -47.41  -48.19  -48.46  -48.21  -47.46  -46.19  -44.42  -42.16  -39.42  -36.20  -33.31
 225.0  -48.64  -48.40  -47.66  -46.40  -44.64  -42.89  -44.43  -46.24  -47.54  -48.34  -48.62  -48.39  -47.64  -46.39  -44.63  -42.37  -39.63  -36.42  -33.53
 230.0  -48.64  -48.40  -47.66  -46.40  -44.64  -42.86  -44.34  -46.14  -47.43  -48.22  -48.49  -48.25  -47.49  -46.23  -44.46  -42.20  -39.46  -36.24  -33.35
 235.0  -48.64  -48.40  -47.66  -46.40  -44.64  -42.76  -44.06  -45.81  -47.07  -47.81  -48.05  -47.78  -47.00  -45.71  -43.92  -41.64  -38.88  -35.66  -32.76
 240.0  -48.64  -48.40  -47.66  -46.40  -44.64  -42.58  -43.58  -45.26  -46.45  -47.14  -47.32  -46.99  -46.17  -44.84  -43.01  -40.71  -37.92  -34.68  -31.77
 245.0  -48.64  -48.40  -47.66  -46.40  -44.64  -42.34  -42.91  -44.49  -45.59  -46.19  -46.29  -45.90  -45.00  -43.62  -41.74  -39.39  -36.57  -33.30  -30.38
 250.0  -48.64  -48.40  -47.66  -46.40  -44.64  -42.32  -42.83  -44.40  -45.49  -46.08  -46.17  -45.77  -44.87  -43.48  -41.60  -39.24  -36.42  -33.14  -30.22
 255.0  -48.64  -48.40  -47.66  -46.40  -44.64  -42.56  -43.52  -45.20  -46.38  -47.05  -47.23  -46.90  -46.06  -44.73  -42.90  -40.59  -37.80  -34.56  -31.65
 260.0  -48.64  -48.40  -47.66  -46.40  -44.64  -42.74  -44.02  -45.77  -47.02  -47.76  -47.99  -47.72  -46.93  -45.64  -43.85  -41.57  -38.81  -35.58  -32.68
 265.0  -48.64  -48.40  -47.66  -46.40  -44.64  -42.85  -44.32  -46.12  -47.41  -48.19  -48.46  -48.21  -47.46  -46.19  -44.42  -42.16  -39.42  -36.20  -33.31
 270.0  -48.64  -48.40  -47.66  -46.40  -44.64  -42.89  -44.43  -46.24  -47.54  -48.34  -48.62  -48.39  -47.64  -46.39  -44.63  -42.37  -39.63  -36.42  -33.53
 275.0  -48.64  -48.40  -47.66  -46.40  -44.64  -42.86  -44.34  -46.14  -47.43  -48.22  -48.49  -48.25  -47.49  -46.23  -44.46  -42.20  -39.46  -36.24  -33.35
 280.0  -48.64  -48.40  -47.66  -46.40  -44.64  -42.76  -44.06  -45.81  -47.07  -47.81  -48.05  -47.78  -47.00  -45.71  -43.92  -41.64  -38.88  -35.66  -32.76
 285.0  -48.64  -48.40  -47.66  -46.40  -44.64  -42.58  -43.58  -45.26  -46.45  -47.14  -47.32  -46.99  -46.17  -44.84  -43.01  -40.71  -37.92  -34.68  -31.77
 290.0  -48.64  -48.40  -47.66  -46.40  -44.64  -42.34  -42.91  -44.49  -45.59  -46.19  -46.29  -45.90  -45.00  -43.62  -41.74  -39.39  -36.57  -33.30  -30.38
 295.0  -48.64  -48.40  -47.66  -46.40  -44.64  -42.32  -42.83  -44.40  -45.49  -46.08  -46.17  -45.77  -44.87  -43.48  -41.60  -39.24  -36.42  -33.14  -30.22
 300.0  -48.64  -48.40  -47.66  -46.40  -44.64  -42.56  -43.52  -45.20  -46.38  -47.05  -47.23  -46.90  -46.06  -44.73  -42.90  -40.59  -37.80  -34.56  -31.65
 305.0  -48.64  -48.40  -47.66  -46.40  -44.64  -42.74  -44.02  -45.77  -47.02  -47.76  -47.99  -47.72  -46.93  -45.64  -43.85  -41.57  -38.81  -35.58  -32.68
 310.0  -48.64  -48.40  -47.66  -46.40  -44.64  -42.85  -44.32  -46.12  -47.41  -48.19  -48.46  -48.21  -47.46  -46.19  -44.42  -42.16  -39.42  -36.20  -33.31
 315.0  -48.64  -48.40  -47.66  -46.40  -44.64  -42.89  -44.43  -46.24  -47.54  -48.34  -48.62  -48.39  -47.64  -46.39  -44.63  -42.37  -39.63  -36.42  -33.53
 320.0  -48.64  -48.40  -47.66  -46.40  -44.64  -42.86  -44.34  -46.14  -47.43  -48.22  -48.49  -48.25  -47.49  -46.23  -44.46  -42.20  -39.46  -36.24  -33.35
 325.0  -48.64  -48.40  -47.66  -46.40  -44.64  -42.76  -44.06  -45.81  -47.07  -47.81  -48.05  -47.78  -47.00  -45.71  -43.92  -41.64  -38.88  -35.66  -32.76
 330.0  -48.64  -48.40  -47.66  -46.40  -44.64  -42.58  -43.58  -45.26  -46.45  -47.14  -47.32  -46.99  -46.17  -44.84  -43.01  -40.71  -37.92  -34.68  -31.77
 335.0  -48.64  -48.40  -47.66  -46.40  -44.64  -42.34  -42.91  -44.49  -45.59  -46.19  -46.29  -45.90  -45.00  -43.62  -41.74  -39.39  -36.57  -33.30  -30.38
 340.0  -48.64  -48.40  -47.66  -46.40  -44.64  -42.32  -42.83  -44.40  -45.49  -46.08  -46.17  -45.77  -44.87  -43.48  -41.60  -39.24  -36.42  -33.14  -30.22
 345.0  -48.64  -48.40  -47.66  -46.40  -44.64  -42.56  -43.52  -45.20  -46.38  -47.05  -47.23  -46.90  -46.06  -44.73  -42.90  -40.59  -37.80  -34.56  -31.65
 350.0  -48.64  -48.40  -47.66  -46.40  -44.64  -42.74  -44.02  -45.77  -47.02  -47.76  -47.99  -47.72  -46.93  -45.64  -43.85  -41.57  -38.81  -35.58  -32.68
 355.0  -48.64  -48.40  -47.66  -46.40  -44.64  -42.85  -44.32  -46.12  -47.41  -48.19  -48.46  -48.21  -47.46  -46.19  -44.42  -42.16  -39.42  -36.20  -33.31
 360.0  -48.64  -48.40  -47.66  -46.40  -44.64  -42.89  -44.43  -46.24  -47.54  -48.34  -48.62  -48.39  -47.64  -46.38  -44.63  -42.37  -39.63  -36.41  -33.52
END OF LRA