START OF LRA
   5.0                                                     DAZI
   0.0   90.0    5.0                                       ZEN1 / ZEN2 / DZEN
 532.0                                                     WAVELENGTH
   0.0  -49.12  -48.88  -48.14  -46.88  -45.13  -43.38  -44.92  -46.72  -48.03  -48.82  -49.10  -48.87  -48.13  -46.88  -45.12  -42.87  -40.14  -36.94  -34.06
   5.0  -49.12  -48.88  -48.14  -46.88  -45.13  -43.35  -44.83  -46.62  -47.91  -48.69  -48.96  -48.72  -47.97  -46.71  -44.95  -42.70  -39.96  -36.75  -33.87
  10.0  -49.12  -48.88  -48.14  -46.88  -45.13  -43.25  -44.55  -46.30  -47.55  -48.29  -48.53  -48.26  -47.48  -46.19  -44.41  -42.14  -39.39  -36.17  -33.28
  15.0  -49.12  -48.88  -48.14  -46.88  -45.13  -43.08  -44.07  -45.75  -46.93  -47.62  -47.80  -47.47  -46.65  -45.32  -43.51  -41.21  -38.43  -35.19  -32.29
  20.0  -49.12  -48.88  -48.14  -46.88  -45.13  -42.84  -43.40  -44.98  -46.07  -46.67  -46.78  -46.38  -45.49  -44.11  -42.24  -39.90  -37.09  -33.82  -30.91
  25.0  -49.12  -48.88  -48.14  -46.88  -45.13  -42.81  -43.32  -44.89  -45.98  -46.56  -46.66  -46.25  -45.36  -43.97  -42.09  -39.74  -36.93  -33.67  -30.75
  30.0  -49.12  -48.88  -48.14  -46.88  -45.13  -43.06  -44.01  -45.68  -46.86  -47.53  -47.71  -47.38  -46.55  -45.22  -43.40  -41.09  -38.31  -35.08  -32.17
  35.0  -49.12  -48.88  -48.14  -46.88  -45.13  -43.24  -44.51  -46.25  -47.50  -48.24  -48.47  -48.19  -47.41  -46.12  -44.34  -42.06  -39.31  -36.09  -33.20
  40.0  -49.12  -48.88  -48.14  -46.88  -45.13  -43.34  -44.81  -46.60  -47.88  -48.66  -48.93  -48.69  -47.94  -46.67  -44.91  -42.66  -39.92  -36.71  -33.83
  45.0  -49.12  -48.88  -48.14  -46.88  -45.13  -43.38  -44.92  -46.72  -48.02  -48.82  -49.10  -48.87  -48.12  -46.87  -45.12  -42.87  -40.14  -36.93  -34.05
  50.0  -49.12  -48.88  -48.14  -46.88  -45.13  -43.35  -44.83  -46.62  -47.91  -48.69  -48.96  -48.72  -47.97  -46.71  -44.95  -42.70  -39.96  -36.75  -33.87
  55.0  -49.12  -48.88  -48.14  -46.88  -45.13  -43.25  -44.55  -46.30  -47.55  -48.29  -48.53  -48.26  -47.48  -46.19  -44.41  -42.14  -39.39  -36.17  -33.28
  60.0  -49.12  -48.88  -48.14  -46.88  -45.13  -43.08  -44.07  -45.75  -46.93  -47.62  -47.80  -47.47  -46.65  -45.32  -43.51  -41.21  -38.43  -35.19  -32.29
  65.0  -49.12  -48.88  -48.14  -46.88  -45.13  -42.84  -43.40  -44.98  -46.07  -46.67  -46.78  -46.38  -45.49  -44.11  -42.24  -39.90  -37.09  -33.82  -30.91
  70.0  -49.12  -48.88  -48.14  -46.88  -45.13  -42.81  -43.32  -44.89  -45.98  -46.56  -46.66  -46.25  -45.36  -43.97  -42.09  -39.74  -36.93  -33.67  -30.75
  75.0  -49.12  -48.88  -48.14  -46.88  -45.13  -43.06  -44.01  -45.68  -46.86  -47.53  -47.71  -47.38  -46.55  -45.22  -43.40  -41.09  -38.31  -35.08  -32.17
  80.0  -49.12  -48.88  -48.14  -46.88  -45.13  -43.24  -44.51  -46.25  -47.50  -48.24  -48.47  -48.19  -47.41  -46.12  -44.34  -42.06  -39.31  -36.09  -33.20
  85.0  -49.12  -48.88  -48.14  -46.88  -45.13  -43.34  -44.81  -46.60  -47.88  -48.66  -48.93  -48.69  -47.94  -46.67  -44.91  -42.66  -39.92  -36.71  -33.83
  90.0  -49.12  -48.88  -48.14  -46.88  -45.13  -43.38  -44.92  -46.72  -48.02  -48.82  -49.10  -48.87  -48.12  -46.87  -45.12  -42.87  -40.14  -36.93  -34.05
  95.0  -49.12  -48.88  -48.14  -46.88  -45.13  -43.35  -44.83  -46.62  -47.91  -48.69  -48.96  -48.72  -47.97  -46.71  -44.95  -42.70  -39.96  -36.75  -33.87
 100.0  -49.12  -48.88  -48.14  -46.88  -45.13  -43.25  -44.55  -46.30  -47.55  -48.29  -48.53  -48.26  -47.48  -46.19  -44.41  -42.14  -39.39  -36.17  -33.28
 105.0  -49.12  -48.88  -48.14  -46.88  -45.13  -43.08  -44.07  -45.75  -46.93  -47.62  -47.80  -47.47  -46.65  -45.32  -43.51  -41.21  -38.43  -35.19  -32.29
 110.0  -49.12  -48.88  -48.14  -46.88  -45.13  -42.84  -43.40  -44.98  -46.07  -46.67  -46.78  -46.38  -45.49  -44.11  -42.24  -39.90  -37.09  -33.82  -30.91
 115.0  -49.12  -48.88  -48.14  -46.88  -45.13  -42.81  -43.32  -44.89  -45.98  -46.56  -46.66  -46.25  -45.36  -43.97  -42.09  -39.74  -36.93  -33.67  -30.75
 120.0  -49.12  -48.88  -48.14  -46.88  -45.13  -43.06  -44.01  -45.68  -46.86  -47.53  -47.71  -47.38  -46.55  -45.22  -43.40  -41.09  -38.31  -35.08  -32.17
 125.0  -49.12  -48.88  -48.14  -46.88  -45.13  -43.24  -44.51  -46.25  -47.50  -48.24  -48.47  -48.19  -47.41  -46.12  -44.34  -42.06  -39.31  -36.09  -33.20
 130.0  -49.12  -48.88  -48.14  -46.88  -45.13  -43.34  -44.81  -46.60  -47.88  -48.66  -48.93  -48.69  -47.94  -46.67  -44.91  -42.66  -39.92  -36.71  -33.83
 135.0  -49.12  -48.88  -48.14  -46.88  -45.13  -43.38  -44.92  -46.72  -48.02  -48.82  -49.10  -48.87  -48.12  -46.87  -45.12  -42.87  -40.14  -36.93  -34.05
 140.0  -49.12  -48.88  -48.14  -46.88  -45.13  -43.35  -44.83  -46.62  -47.91  -48.69  -48.96  -48.72  -47.97  -46.71  -44.95  -42.70  -39.96  -36.75  -33.87
 145.0  -49.12  -48.88  -48.14  -46.88  -45.13  -43.25  -44.55  -46.30  -47.55  -48.29  -48.53  -48.26  -47.48  -46.19  -44.41  -42.14  -39.39  -36.17  -33.28
 150.0  -49.12  -48.88  -48.14  -46.88  -45.13  -43.08  -44.07  -45.75  -46.93  -47.62  -47.80  -47.47  -46.65  -45.32  -43.51  -41.21  -38.43  -35.19  -32.29
 155.0  -49.12  -48.88  -48.14  -46.88  -45.13  -42.84  -43.40  -44.98  -46.07  -46.67  -46.78  -46.38  -45.49  -44.11  -42.24  -39.90  -37.09  -33.82  -30.91
 160.0  -49.12  -48.88  -48.14  -46.88  -45.13  -42.81  -43.32  -44.89  -45.98  -46.56  -46.66  -46.25  -45.36  -43.97  -42.09  -39.74  -36.93  -33.67  -30.75
 165.0  -49.12  -48.88  -48.14  -46.88  -45.13  -43.06  -44.01  -45.68  -46.86  -47.53  -47.71  -47.38  -46.55  -45.22  -43.40  -41.09  -38.31  -35.08  -32.17
 170.0  -49.12  -48.88  -48.14  -46.88  -45.13  -43.24  -44.51  -46.25  -47.50  -48.24  -48.47  -48.19  -47.41  -46.12  -44.34  -42.06  -39.31  -36.09  -33.20
 175.0  -49.12  -48.88  -48.14  -46.88  -45.13  -43.34  -44.81  -46.60  -47.88  -48.66  -48.93  -48.69  -47.94  -46.67  -44.91  -42.66  -39.92  -36.71  -33.83
 180.0  -49.12  -48.88  -48.14  -46.88  -45.13  -43.38  -44.92  -46.72  -48.02  -48.82  -49.10  -48.87  -48.12  -46.87  -45.12  -42.87  -40.14  -36.93  -34.05
 185.0  -49.12  -48.88  -48.14  -46.88  -45.13  -43.35  -44.83  -46.62  -47.91  -48.69  -48.96  -48.72  -47.97  -46.71  -44.95  -42.70  -39.96  -36.75  -33.87
 190.0  -49.12  -48.88  -48.14  -46.88  -45.13  -43.25  -44.55  -46.30  -47.55  -48.29  -48.53  -48.26  -47.48  -46.19  -44.41  -42.14  -39.39  -36.17  -33.28
 195.0  -49.12  -48.88  -48.14  -46.88  -45.13  -43.08  -44.07  -45.75  -46.93  -47.62  -47.80  -47.47  -46.65  -45.32  -43.51  -41.21  -38.43  -35.19  -32.29
 200.0  -49.12  -48.88  -48.14  -46.88  -45.13  -42.84  -43.40  -44.98  -46.07  -46.67  -46.78  -46.38  -45.49  -44.11  -42.24  -39.90  -37.09  -33.82  -30.91
 205.0  -49.12  -48.88  -48.14  -46.88  -45.13  -42.81  -43.32  -44.89  -45.98  -46.56  -46.66  -46.25  -45.36  -43.97  -42.09  -39.74  -36.93  -33.67  -30.75
 210.0  -49.12  -48.88  -48.14  -46.88  -45.13  -43.06  -44.01  -45.68  -46.86  -47.53  -47.71  -47.38  -46.55  -45.22  -43.40  -41.09  -38.31  -35.08  -32.17
 215.0  -49.12  -48.88  -48.14  -46.88  -45.13  -43.24  -44.51  -46.25  -47.50  -48.24  -48.47  -48.19  -47.41  -46.12  -44.34  -42.06  -39.31  -36.09  -33.20
 220.0  -49.12  -48.88  -48.14  -46.88  -45.13  -43.34  -44.81  -46.60  -47.88  -48.66  -48.93  -48.69  -47.94  -46.67  -44.91  -42.66  -39.92  -36.71  -33.83
 225.0  -49.12  -48.88  -48.14  -46.88  -45.13  -43.38  -44.92  -46.72  -48.02  -48.82  -49.10  -48.87  -48.12  -46.87  -45.12  -42.87  -40.14  -36.93  -34.05
 230.0  -49.12  -48.88  -48.14  -46.88  -45.13  -43.35  -44.83  -46.62  -47.91  -48.69  -48.96  -48.72  -47.97  -46.71  -44.95  -42.70  -39.96  -36.75  -33.87
 235.0  -49.12  -48.88  -48.14  -46.88  -45.13  -43.25  -44.55  -46.30  -47.55  -48.29  -48.53  -48.26  -47.48  -46.19  -44.41  -42.14  -39.39  -36.17  -33.28
 240.0  -49.12  -48.88  -48.14  -46.88  -45.13  -43.08  -44.07  -45.75  -46.93  -47.62  -47.80  -47.47  -46.65  -45.32  -43.51  -41.21  -38.43  -35.19  -32.29
 245.0  -49.12  -48.88  -48.14  -46.88  -45.13  -42.84  -43.40  -44.98  -46.07  -46.67  -46.78  -46.38  -45.49  -44.11  -42.24  -39.90  -37.09  -33.82  -30.91
 250.0  -49.12  -48.88  -48.14  -46.88  -45.13  -42.81  -43.32  -44.89  -45.98  -46.56  -46.66  -46.25  -45.36  -43.97  -42.09  -39.74  -36.93  -33.67  -30.75
 255.0  -49.12  -48.88  -48.14  -46.88  -45.13  -43.06  -44.01  -45.68  -46.86  -47.53  -47.71  -47.38  -46.55  -45.22  -43.40  -41.09  -38.31  -35.08  -32.17
 260.0  -49.12  -48.88  -48.14  -46.88  -45.13  -43.24  -44.51  -46.25  -47.50  -48.24  -48.47  -48.19  -47.41  -46.12  -44.34  -42.06  -39.31  -36.09  -33.20
 265.0  -49.12  -48.88  -48.14  -46.88  -45.13  -43.34  -44.81  -46.60  -47.88  -48.66  -48.93  -48.69  -47.94  -46.67  -44.91  -42.66  -39.92  -36.71  -33.83
 270.0  -49.12  -48.88  -48.14  -46.88  -45.13  -43.38  -44.92  -46.72  -48.02  -48.82  -49.10  -48.87  -48.12  -46.87  -45.12  -42.87  -40.14  -36.93  -34.05
 275.0  -49.12  -48.88  -48.14  -46.88  -45.13  -43.35  -44.83  -46.62  -47.91  -48.69  -48.96  -48.72  -47.97  -46.71  -44.95  -42.70  -39.96  -36.75  -33.87
 280.0  -49.12  -48.88  -48.14  -46.88  -45.13  -43.25  -44.55  -46.30  -47.55  -48.29  -48.53  -48.26  -47.48  -46.19  -44.41  -42.14  -39.39  -36.17  -33.28
 285.0  -49.12  -48.88  -48.14  -46.88  -45.13  -43.08  -44.07  -45.75  -46.93  -47.62  -47.80  -47.47  -46.65  -45.32  -43.51  -41.21  -38.43  -35.19  -32.29
 290.0  -49.12  -48.88  -48.14  -46.88  -45.13  -42.84  -43.40  -44.98  -46.07  -46.67  -46.78  -46.38  -45.49  -44.11  -42.24  -39.90  -37.09  -33.82  -30.91
 295.0  -49.12  -48.88  -48.14  -46.88  -45.13  -42.81  -43.32  -44.89  -45.98  -46.56  -46.66  -46.25  -45.36  -43.97  -42.09  -39.74  -36.93  -33.67  -30.75
 300.0  -49.12  -48.88  -48.14  -46.88  -45.13  -43.06  -44.01  -45.68  -46.86  -47.53  -47.71  -47.38  -46.55  -45.22  -43.40  -41.09  -38.31  -35.08  -32.17
 305.0  -49.12  -48.88  -48.14  -46.88  -45.13  -43.24  -44.51  -46.25  -47.50  -48.24  -48.47  -48.19  -47.41  -46.12  -44.34  -42.06  -39.31  -36.09  -33.20
 310.0  -49.12  -48.88  -48.14  -46.88  -45.13  -43.34  -44.81  -46.60  -47.88  -48.66  -48.93  -48.69  -47.94  -46.67  -44.91  -42.66  -39.92  -36.71  -33.83
 315.0  -49.12  -48.88  -48.14  -46.88  -45.13  -43.38  -44.92  -46.72  -48.02  -48.82  -49.10  -48.87  -48.12  -46.87  -45.12  -42.87  -40.14  -36.93  -34.05
 320.0  -49.12  -48.88  -48.14  -46.88  -45.13  -43.35  -44.83  -46.62  -47.91  -48.69  -48.96  -48.72  -47.97  -46.71  -44.95  -42.70  -39.96  -36.75  -33.87
 325.0  -49.12  -48.88  -48.14  -46.88  -45.13  -43.25  -44.55  -46.30  -47.55  -48.29  -48.53  -48.26  -47.48  -46.19  -44.41  -42.14  -39.39  -36.17  -33.28
 330.0  -49.12  -48.88  -48.14  -46.88  -45.13  -43.08  -44.07  -45.75  -46.93  -47.62  -47.80  -47.47  -46.65  -45.32  -43.51  -41.21  -38.43  -35.19  -32.29
 335.0  -49.12  -48.88  -48.14  -46.88  -45.13  -42.84  -43.40  -44.98  -46.07  -46.67  -46.78  -46.38  -45.49  -44.11  -42.24  -39.90  -37.09  -33.82  -30.91
 340.0  -49.12  -48.88  -48.14  -46.88  -45.13  -42.81  -43.32  -44.89  -45.98  -46.56  -46.66  -46.25  -45.36  -43.97  -42.09  -39.74  -36.93  -33.67  -30.75
 345.0  -49.12  -48.88  -48.14  -46.88  -45.13  -43.06  -44.01  -45.68  -46.86  -47.53  -47.71  -47.38  -46.55  -45.22  -43.40  -41.09  -38.31  -35.08  -32.17
 350.0  -49.12  -48.88  -48.14  -46.88  -45.13  -43.24  -44.51  -46.25  -47.50  -48.24  -48.47  -48.19  -47.41  -46.12  -44.34  -42.06  -39.31  -36.09  -33.20
 355.0  -49.12  -48.88  -48.14  -46.88  -45.13  -43.34  -44.81  -46.60  -47.88  -48.66  -48.93  -48.69  -47.94  -46.67  -44.91  -42.66  -39.92  -36.71  -33.83
 360.0  -49.12  -48.88  -48.14  -46.88  -45.13  -43.38  -44.92  -46.72  -48.02  -48.81  -49.09  -48.86  -48.12  -46.87  -45.11  -42.86  -40.13  -36.93  -34.05
END OF LRA