START OF LRA
   5.0                                                     DAZI
   0.0   90.0    5.0                                       ZEN1 / ZEN2 / DZEN
 532.0                                                     WAVELENGTH
   0.0  -19.62  -19.50  -19.11  -18.46  -17.54  -16.82  -18.16  -19.42  -20.41  -21.11  -21.53  -21.66  -21.50  -21.06  -20.33  -19.32  -18.02  -16.45  -15.01
   5.0  -19.62  -19.50  -19.11  -18.46  -17.54  -17.01  -18.68  -20.02  -21.08  -21.85  -22.32  -22.51  -22.40  -22.00  -21.31  -20.33  -19.06  -17.52  -16.08
  10.0  -19.62  -19.50  -19.11  -18.46  -17.54  -17.22  -19.28  -20.70  -21.84  -22.68  -23.23  -23.47  -23.42  -23.07  -22.43  -21.48  -20.24  -18.72  -17.30
  15.0  -19.62  -19.50  -19.11  -18.46  -17.54  -17.39  -19.75  -21.24  -22.43  -23.33  -23.93  -24.23  -24.22  -23.91  -23.30  -22.38  -21.17  -19.66  -18.26
  20.0  -19.62  -19.50  -19.11  -18.46  -17.54  -17.51  -20.08  -21.62  -22.87  -23.81  -24.45  -24.78  -24.80  -24.52  -23.93  -23.03  -21.84  -20.34  -18.94
  25.0  -19.62  -19.50  -19.11  -18.46  -17.54  -17.59  -20.29  -21.86  -23.13  -24.10  -24.76  -25.11  -25.15  -24.89  -24.31  -23.43  -22.25  -20.76  -19.36
  30.0  -19.62  -19.50  -19.11  -18.46  -17.54  -17.61  -20.36  -21.94  -23.22  -24.20  -24.87  -25.23  -25.28  -25.02  -24.45  -23.57  -22.39  -20.91  -19.51
  35.0  -19.62  -19.50  -19.11  -18.46  -17.54  -17.59  -20.30  -21.87  -23.15  -24.11  -24.78  -25.13  -25.18  -24.91  -24.34  -23.46  -22.27  -20.79  -19.39
  40.0  -19.62  -19.50  -19.11  -18.46  -17.54  -17.52  -20.11  -21.65  -22.90  -23.84  -24.49  -24.82  -24.85  -24.57  -23.98  -23.09  -21.89  -20.40  -19.00
  45.0  -19.62  -19.50  -19.11  -18.46  -17.54  -17.41  -19.79  -21.28  -22.48  -23.39  -23.99  -24.30  -24.29  -23.98  -23.37  -22.46  -21.25  -19.74  -18.34
  50.0  -19.62  -19.50  -19.11  -18.46  -17.54  -17.24  -19.33  -20.76  -21.90  -22.75  -23.31  -23.56  -23.51  -23.17  -22.52  -21.58  -20.35  -18.83  -17.41
  55.0  -19.62  -19.50  -19.11  -18.46  -17.54  -17.03  -18.75  -20.10  -21.16  -21.94  -22.42  -22.62  -22.52  -22.12  -21.43  -20.46  -19.19  -17.65  -16.22
  60.0  -19.62  -19.50  -19.11  -18.46  -17.54  -16.83  -18.19  -19.46  -20.46  -21.16  -21.59  -21.72  -21.57  -21.13  -20.40  -19.39  -18.10  -16.53  -15.09
  65.0  -19.62  -19.50  -19.11  -18.46  -17.54  -17.01  -18.68  -20.02  -21.08  -21.85  -22.32  -22.51  -22.40  -22.00  -21.31  -20.33  -19.06  -17.52  -16.08
  70.0  -19.62  -19.50  -19.11  -18.46  -17.54  -17.22  -19.28  -20.70  -21.84  -22.68  -23.23  -23.47  -23.42  -23.07  -22.43  -21.48  -20.24  -18.72  -17.30
  75.0  -19.62  -19.50  -19.11  -18.46  -17.54  -17.39  -19.75  -21.24  -22.43  -23.33  -23.93  -24.23  -24.22  -23.91  -23.30  -22.38  -21.17  -19.66  -18.26
  80.0  -19.62  -19.50  -19.11  -18.46  -17.54  -17.51  -20.08  -21.62  -22.87  -23.81  -24.45  -24.78  -24.80  -24.52  -23.93  -23.03  -21.84  -20.34  -18.94
  85.0  -19.62  -19.50  -19.11  -18.46  -17.54  -17.59  -20.29  -21.86  -23.13  -24.10  -24.76  -25.11  -25.15  -24.89  -24.31  -23.43  -22.25  -20.76  -19.36
  90.0  -19.62  -19.50  -19.11  -18.46  -17.54  -17.61  -20.36  -21.94  -23.22  -24.20  -24.87  -25.23  -25.28  -25.02  -24.45  -23.57  -22.39  -20.91  -19.51
  95.0  -19.62  -19.50  -19.11  -18.46  -17.54  -17.59  -20.30  -21.87  -23.15  -24.11  -24.78  -25.13  -25.18  -24.91  -24.34  -23.46  -22.27  -20.79  -19.39
 100.0  -19.62  -19.50  -19.11  -18.46  -17.54  -17.52  -20.11  -21.65  -22.90  -23.84  -24.49  -24.82  -24.85  -24.57  -23.98  -23.09  -21.89  -20.40  -19.00
 105.0  -19.62  -19.50  -19.11  -18.46  -17.54  -17.41  -19.79  -21.28  -22.48  -23.39  -23.99  -24.30  -24.29  -23.98  -23.37  -22.46  -21.25  -19.74  -18.34
 110.0  -19.62  -19.50  -19.11  -18.46  -17.54  -17.24  -19.33  -20.76  -21.90  -22.75  -23.31  -23.56  -23.51  -23.17  -22.52  -21.58  -20.35  -18.83  -17.41
 115.0  -19.62  -19.50  -19.11  -18.46  -17.54  -17.03  -18.75  -20.10  -21.16  -21.94  -22.42  -22.62  -22.52  -22.12  -21.43  -20.46  -19.19  -17.65  -16.22
 120.0  -19.62  -19.50  -19.11  -18.46  -17.54  -16.83  -18.19  -19.46  -20.46  -21.16  -21.59  -21.72  -21.57  -21.13  -20.40  -19.39  -18.10  -16.53  -15.09
 125.0  -19.62  -19.50  -19.11  -18.46  -17.54  -17.01  -18.68  -20.02  -21.08  -21.85  -22.32  -22.51  -22.40  -22.00  -21.31  -20.33  -19.06  -17.52  -16.08
 130.0  -19.62  -19.50  -19.11  -18.46  -17.54  -17.22  -19.28  -20.70  -21.84  -22.68  -23.23  -23.47  -23.42  -23.07  -22.43  -21.48  -20.24  -18.72  -17.30
 135.0  -19.62  -19.50  -19.11  -18.46  -17.54  -17.39  -19.75  -21.24  -22.43  -23.33  -23.93  -24.23  -24.22  -23.91  -23.30  -22.38  -21.17  -19.66  -18.26
 140.0  -19.62  -19.50  -19.11  -18.46  -17.54  -17.51  -20.08  -21.62  -22.87  -23.81  -24.45  -24.78  -24.80  -24.52  -23.93  -23.03  -21.84  -20.34  -18.94
 145.0  -19.62  -19.50  -19.11  -18.46  -17.54  -17.59  -20.29  -21.86  -23.13  -24.10  -24.76  -25.11  -25.15  -24.89  -24.31  -23.43  -22.25  -20.76  -19.36
 150.0  -19.62  -19.50  -19.11  -18.46  -17.54  -17.61  -20.36  -21.94  -23.22  -24.20  -24.87  -25.23  -25.28  -25.02  -24.45  -23.57  -22.39  -20.91  -19.51
 155.0  -19.62  -19.50  -19.11  -18.46  -17.54  -17.59  -20.30  -21.87  -23.15  -24.11  -24.78  -25.13  -25.18  -24.91  -24.34  -23.46  -22.27  -20.79  -19.39
 160.0  -19.62  -19.50  -19.11  -18.46  -17.54  -17.52  -20.11  -21.65  -22.90  -23.84  -24.49  -24.82  -24.85  -24.57  -23.98  -23.09  -21.89  -20.40  -19.00
 165.0  -19.62  -19.50  -19.11  -18.46  -17.54  -17.41  -19.79  -21.28  -22.48  -23.39  -23.99  -24.30  -24.29  -23.98  -23.37  -22.46  -21.25  -19.74  -18.34
 170.0  -19.62  -19.50  -19.11  -18.46  -17.54  -17.24  -19.33  -20.76  -21.90  -22.75  -23.31  -23.56  -23.51  -23.17  -22.52  -21.58  -20.35  -18.83  -17.41
 175.0  -19.62  -19.50  -19.11  -18.46  -17.54  -17.03  -18.75  -20.10  -21.16  -21.94  -22.42  -22.62  -22.52  -22.12  -21.43  -20.46  -19.19  -17.65  -16.22
 180.0  -19.62  -19.50  -19.11  -18.46  -17.54  -16.83  -18.19  -19.46  -20.46  -21.16  -21.59  -21.72  -21.57  -21.13  -20.40  -19.39  -18.10  -16.53  -15.09
 185.0  -19.62  -19.50  -19.11  -18.46  -17.54  -17.01  -18.68  -20.02  -21.08  -21.85  -22.32  -22.51  -22.40  -22.00  -21.31  -20.33  -19.06  -17.52  -16.08
 190.0  -19.62  -19.50  -19.11  -18.46  -17.54  -17.22  -19.28  -20.70  -21.84  -22.68  -23.23  -23.47  -23.42  -23.07  -22.43  -21.48  -20.24  -18.72  -17.30
 195.0  -19.62  -19.50  -19.11  -18.46  -17.54  -17.39  -19.75  -21.24  -22.43  -23.33  -23.93  -24.23  -24.22  -23.91  -23.30  -22.38  -21.17  -19.66  -18.26
 200.0  -19.62  -19.50  -19.11  -18.46  -17.54  -17.51  -20.08  -21.62  -22.87  -23.81  -24.45  -24.78  -24.80  -24.52  -23.93  -23.03  -21.84  -20.34  -18.94
 205.0  -19.62  -19.50  -19.11  -18.46  -17.54  -17.59  -20.29  -21.86  -23.13  -24.10  -24.76  -25.11  -25.15  -24.89  -24.31  -23.43  -22.25  -20.76  -19.36
 210.0  -19.62  -19.50  -19.11  -18.46  -17.54  -17.61  -20.36  -21.94  -23.22  -24.20  -24.87  -25.23  -25.28  -25.02  -24.45  -23.57  -22.39  -20.91  -19.51
 215.0  -19.62  -19.50  -19.11  -18.46  -17.54  -17.59  -20.30  -21.87  -23.15  -24.11  -24.78  -25.13  -25.18  -24.91  -24.34  -23.46  -22.27  -20.79  -19.39
 220.0  -19.62  -19.50  -19.11  -18.46  -17.54  -17.52  -20.11  -21.65  -22.90  -23.84  -24.49  -24.82  -24.85  -24.57  -23.98  -23.09  -21.89  -20.40  -19.00
 225.0  -19.62  -19.50  -19.11  -18.46  -17.54  -17.41  -19.79  -21.28  -22.48  -23.39  -23.99  -24.30  -24.29  -23.98  -23.37  -22.46  -21.25  -19.74  -18.34
 230.0  -19.62  -19.50  -19.11  -18.46  -17.54  -17.24  -19.33  -20.76  -21.90  -22.75  -23.31  -23.56  -23.51  -23.17  -22.52  -21.58  -20.35  -18.83  -17.41
 235.0  -19.62  -19.50  -19.11  -18.46  -17.54  -17.03  -18.75  -20.10  -21.16  -21.94  -22.42  -22.62  -22.52  -22.12  -21.43  -20.46  -19.19  -17.65  -16.22
 240.0  -19.62  -19.50  -19.11  -18.46  -17.54  -16.83  -18.19  -19.46  -20.46  -21.16  -21.59  -21.72  -21.57  -21.13  -20.40  -19.39  -18.10  -16.53  -15.09
 245.0  -19.62  -19.50  -19.11  -18.46  -17.54  -17.01  -18.68  -20.02  -21.08  -21.85  -22.32  -22.51  -22.40  -22.00  -21.31  -20.33  -19.06  -17.52  -16.08
 250.0  -19.62  -19.50  -19.11  -18.46  -17.54  -17.22  -19.28  -20.70  -21.84  -22.68  -23.23  -23.47  -23.42  -23.07  -22.43  -21.48  -20.24  -18.72  -17.30
 255.0  -19.62  -19.50  -19.11  -18.46  -17.54  -17.39  -19.75  -21.24  -22.43  -23.33  -23.93  -24.23  -24.22  -23.91  -23.30  -22.38  -21.17  -19.66  -18.26
 260.0  -19.62  -19.50  -19.11  -18.46  -17.54  -17.51  -20.08  -21.62  -22.87  -23.81  -24.45  -24.78  -24.80  -24.52  -23.93  -23.03  -21.84  -20.34  -18.94
 265.0  -19.62  -19.50  -19.11  -18.46  -17.54  -17.59  -20.29  -21.86  -23.13  -24.10  -24.76  -25.11  -25.15  -24.89  -24.31  -23.43  -22.25  -20.76  -19.36
 270.0  -19.62  -19.50  -19.11  -18.46  -17.54  -17.61  -20.36  -21.94  -23.22  -24.20  -24.87  -25.23  -25.28  -25.02  -24.45  -23.57  -22.39  -20.91  -19.51
 275.0  -19.62  -19.50  -19.11  -18.46  -17.54  -17.59  -20.30  -21.87  -23.15  -24.11  -24.78  -25.13  -25.18  -24.91  -24.34  -23.46  -22.27  -20.79  -19.39
 280.0  -19.62  -19.50  -19.11  -18.46  -17.54  -17.52  -20.11  -21.65  -22.90  -23.84  -24.49  -24.82  -24.85  -24.57  -23.98  -23.09  -21.89  -20.40  -19.00
 285.0  -19.62  -19.50  -19.11  -18.46  -17.54  -17.41  -19.79  -21.28  -22.48  -23.39  -23.99  -24.30  -24.29  -23.98  -23.37  -22.46  -21.25  -19.74  -18.34
 290.0  -19.62  -19.50  -19.11  -18.46  -17.54  -17.24  -19.33  -20.76  -21.90  -22.75  -23.31  -23.56  -23.51  -23.17  -22.52  -21.58  -20.35  -18.83  -17.41
 295.0  -19.62  -19.50  -19.11  -18.46  -17.54  -17.03  -18.75  -20.10  -21.16  -21.94  -22.42  -22.62  -22.52  -22.12  -21.43  -20.46  -19.19  -17.65  -16.22
 300.0  -19.62  -19.50  -19.11  -18.46  -17.54  -16.83  -18.19  -19.46  -20.46  -21.16  -21.59  -21.72  -21.57  -21.13  -20.40  -19.39  -18.10  -16.53  -15.09
 305.0  -19.62  -19.50  -19.11  -18.46  -17.54  -17.01  -18.68  -20.02  -21.08  -21.85  -22.32  -22.51  -22.40  -22.00  -21.31  -20.33  -19.06  -17.52  -16.08
 310.0  -19.62  -19.50  -19.11  -18.46  -17.54  -17.22  -19.28  -20.70  -21.84  -22.68  -23.23  -23.47  -23.42  -23.07  -22.43  -21.48  -20.24  -18.72  -17.30
 315.0  -19.62  -19.50  -19.11  -18.46  -17.54  -17.39  -19.75  -21.24  -22.43  -23.33  -23.93  -24.23  -24.22  -23.91  -23.30  -22.38  -21.17  -19.66  -18.26
 320.0  -19.62  -19.50  -19.11  -18.46  -17.54  -17.51  -20.08  -21.62  -22.87  -23.81  -24.45  -24.78  -24.80  -24.52  -23.93  -23.03  -21.84  -20.34  -18.94
 325.0  -19.62  -19.50  -19.11  -18.46  -17.54  -17.59  -20.29  -21.86  -23.13  -24.10  -24.76  -25.11  -25.15  -24.89  -24.31  -23.43  -22.25  -20.76  -19.36
 330.0  -19.62  -19.50  -19.11  -18.46  -17.54  -17.61  -20.36  -21.94  -23.22  -24.20  -24.87  -25.23  -25.28  -25.02  -24.45  -23.57  -22.39  -20.91  -19.51
 335.0  -19.62  -19.50  -19.11  -18.46  -17.54  -17.59  -20.30  -21.87  -23.15  -24.11  -24.78  -25.13  -25.18  -24.91  -24.34  -23.46  -22.27  -20.79  -19.39
 340.0  -19.62  -19.50  -19.11  -18.46  -17.54  -17.52  -20.11  -21.65  -22.90  -23.84  -24.49  -24.82  -24.85  -24.57  -23.98  -23.09  -21.89  -20.40  -19.00
 345.0  -19.62  -19.50  -19.11  -18.46  -17.54  -17.41  -19.79  -21.28  -22.48  -23.39  -23.99  -24.30  -24.29  -23.98  -23.37  -22.46  -21.25  -19.74  -18.34
 350.0  -19.62  -19.50  -19.11  -18.46  -17.54  -17.24  -19.33  -20.76  -21.90  -22.75  -23.31  -23.56  -23.51  -23.17  -22.52  -21.58  -20.35  -18.83  -17.41
 355.0  -19.62  -19.50  -19.11  -18.46  -17.54  -17.03  -18.75  -20.10  -21.16  -21.94  -22.42  -22.62  -22.52  -22.12  -21.43  -20.46  -19.19  -17.65  -16.22
 360.0  -19.62  -19.50  -19.11  -18.46  -17.54  -16.83  -18.19  -19.46  -20.46  -21.16  -21.59  -21.72  -21.57  -21.13  -20.40  -19.39  -18.10  -16.53  -15.08
END OF LRA