START OF LRA
   5.0                                                     DAZI
   0.0   90.0    5.0                                       ZEN1 / ZEN2 / DZEN
 532.0                                                     WAVELENGTH
   0.0    2.78    1.80    0.66   -0.28   -1.01   -1.55   -1.89   -2.03   -1.97   -1.71   -1.25   -0.59    0.27    1.33    2.59    3.91     NaN     NaN     NaN
   5.0    2.76    1.72    0.50   -0.52   -1.33   -1.94   -2.35   -2.55   -2.56   -2.36   -1.96   -1.36   -0.55    0.46    1.67    3.08    4.14     NaN     NaN
  10.0    2.74    1.62    0.30   -0.81   -1.72   -2.41   -2.90   -3.19   -3.27   -3.15   -2.82   -2.28   -1.54   -0.60    0.56    1.92    3.46    4.32     NaN
  15.0    2.72    1.53    0.12   -1.07   -2.05   -2.83   -3.39   -3.75   -3.90   -3.84   -3.57   -3.09   -2.41   -1.51   -0.41    0.91    2.44    3.90     NaN
  20.0    2.70    1.46   -0.03   -1.29   -2.35   -3.18   -3.81   -4.23   -4.43   -4.43   -4.21   -3.78   -3.15   -2.29   -1.23    0.05    1.54    3.25    4.31
  25.0    2.69    1.39   -0.15   -1.48   -2.59   -3.48   -4.16   -4.62   -4.88   -4.91   -4.74   -4.35   -3.75   -2.94   -1.91   -0.66    0.80    2.49    3.94
  30.0    2.68    1.34   -0.25   -1.62   -2.77   -3.71   -4.43   -4.93   -5.22   -5.30   -5.15   -4.80   -4.23   -3.44   -2.44   -1.21    0.23    1.89    3.38
  35.0    2.67    1.31   -0.32   -1.73   -2.91   -3.88   -4.63   -5.16   -5.47   -5.57   -5.45   -5.12   -4.57   -3.80   -2.82   -1.61   -0.19    1.46    2.94
  40.0    2.67    1.29   -0.36   -1.79   -2.99   -3.98   -4.75   -5.29   -5.62   -5.74   -5.63   -5.31   -4.78   -4.02   -3.05   -1.85   -0.44    1.20    2.67
  45.0    2.67    1.28   -0.38   -1.81   -3.02   -4.01   -4.79   -5.34   -5.68   -5.80   -5.70   -5.38   -4.85   -4.10   -3.13   -1.94   -0.53    1.11    2.58
  50.0    2.67    1.29   -0.37   -1.79   -3.00   -3.99   -4.75   -5.30   -5.63   -5.75   -5.65   -5.33   -4.79   -4.03   -3.06   -1.87   -0.45    1.19    2.65
  55.0    2.67    1.31   -0.33   -1.73   -2.92   -3.89   -4.64   -5.17   -5.49   -5.59   -5.48   -5.14   -4.60   -3.83   -2.84   -1.64   -0.22    1.43    2.90
  60.0    2.68    1.34   -0.26   -1.63   -2.79   -3.73   -4.45   -4.96   -5.25   -5.33   -5.19   -4.84   -4.27   -3.48   -2.48   -1.26    0.18    1.84    3.33
  65.0    2.69    1.39   -0.16   -1.49   -2.61   -3.50   -4.19   -4.66   -4.91   -4.96   -4.79   -4.40   -3.81   -2.99   -1.97   -0.72    0.74    2.42    3.89
  70.0    2.70    1.45   -0.04   -1.31   -2.37   -3.22   -3.85   -4.27   -4.48   -4.48   -4.27   -3.85   -3.21   -2.37   -1.31   -0.03    1.46    3.17    4.28
  75.0    2.72    1.52    0.11   -1.09   -2.09   -2.87   -3.44   -3.80   -3.96   -3.90   -3.64   -3.17   -2.49   -1.60   -0.50    0.81    2.34    3.85     NaN
  80.0    2.74    1.61    0.28   -0.84   -1.75   -2.46   -2.96   -3.25   -3.34   -3.22   -2.90   -2.37   -1.64   -0.69    0.45    1.81    3.37    4.29     NaN
  85.0    2.76    1.71    0.48   -0.55   -1.37   -1.99   -2.41   -2.62   -2.63   -2.44   -2.05   -1.45   -0.66    0.34    1.55    2.96    4.08     NaN     NaN
  90.0    2.77    1.79    0.65   -0.29   -1.04   -1.58   -1.92   -2.06   -2.01   -1.75   -1.30   -0.64    0.21    1.27    2.53    3.87    4.53     NaN     NaN
  95.0    2.76    1.72    0.50   -0.52   -1.33   -1.94   -2.35   -2.55   -2.56   -2.36   -1.96   -1.36   -0.55    0.46    1.67    3.08    4.14     NaN     NaN
 100.0    2.74    1.62    0.30   -0.81   -1.72   -2.41   -2.90   -3.19   -3.27   -3.15   -2.82   -2.28   -1.54   -0.60    0.56    1.92    3.46    4.32     NaN
 105.0    2.72    1.53    0.12   -1.07   -2.05   -2.83   -3.39   -3.75   -3.90   -3.84   -3.57   -3.09   -2.41   -1.51   -0.41    0.91    2.44    3.90     NaN
 110.0    2.70    1.46   -0.03   -1.29   -2.35   -3.18   -3.81   -4.23   -4.43   -4.43   -4.21   -3.78   -3.15   -2.29   -1.23    0.05    1.54    3.25    4.31
 115.0    2.69    1.39   -0.15   -1.48   -2.59   -3.48   -4.16   -4.62   -4.88   -4.91   -4.74   -4.35   -3.75   -2.94   -1.91   -0.66    0.80    2.49    3.94
 120.0    2.68    1.34   -0.25   -1.62   -2.77   -3.71   -4.43   -4.93   -5.22   -5.30   -5.15   -4.80   -4.23   -3.44   -2.44   -1.21    0.23    1.89    3.38
 125.0    2.67    1.31   -0.32   -1.73   -2.91   -3.88   -4.63   -5.16   -5.47   -5.57   -5.45   -5.12   -4.57   -3.80   -2.82   -1.61   -0.19    1.46    2.94
 130.0    2.67    1.29   -0.36   -1.79   -2.99   -3.98   -4.75   -5.29   -5.62   -5.74   -5.63   -5.31   -4.78   -4.02   -3.05   -1.85   -0.44    1.20    2.67
 135.0    2.67    1.28   -0.38   -1.81   -3.02   -4.01   -4.79   -5.34   -5.68   -5.80   -5.70   -5.38   -4.85   -4.10   -3.13   -1.94   -0.53    1.11    2.58
 140.0    2.67    1.29   -0.37   -1.79   -3.00   -3.99   -4.75   -5.30   -5.63   -5.75   -5.65   -5.33   -4.79   -4.03   -3.06   -1.87   -0.45    1.19    2.65
 145.0    2.67    1.31   -0.33   -1.73   -2.92   -3.89   -4.64   -5.17   -5.49   -5.59   -5.48   -5.14   -4.60   -3.83   -2.84   -1.64   -0.22    1.43    2.90
 150.0    2.68    1.34   -0.26   -1.63   -2.79   -3.73   -4.45   -4.96   -5.25   -5.33   -5.19   -4.84   -4.27   -3.48   -2.48   -1.26    0.18    1.84    3.33
 155.0    2.69    1.39   -0.16   -1.49   -2.61   -3.50   -4.19   -4.66   -4.91   -4.96   -4.79   -4.40   -3.81   -2.99   -1.97   -0.72    0.74    2.42    3.89
 160.0    2.70    1.45   -0.04   -1.31   -2.37   -3.22   -3.85   -4.27   -4.48   -4.48   -4.27   -3.85   -3.21   -2.37   -1.31   -0.03    1.46    3.17    4.28
 165.0    2.72    1.52    0.11   -1.09   -2.09   -2.87   -3.44   -3.80   -3.96   -3.90   -3.64   -3.17   -2.49   -1.60   -0.50    0.81    2.34    3.85     NaN
 170.0    2.74    1.61    0.28   -0.84   -1.75   -2.46   -2.96   -3.25   -3.34   -3.22   -2.90   -2.37   -1.64   -0.69    0.45    1.81    3.37    4.29     NaN
 175.0    2.76    1.71    0.48   -0.55   -1.37   -1.99   -2.41   -2.62   -2.63   -2.44   -2.05   -1.45   -0.66    0.34    1.55    2.96    4.08     NaN     NaN
 180.0    2.77    1.79    0.65   -0.29   -1.04   -1.58   -1.92   -2.06   -2.01   -1.75   -1.30   -0.64    0.21    1.27    2.53    3.87    4.53     NaN     NaN
 185.0    2.76    1.72    0.50   -0.52   -1.33   -1.94   -2.35   -2.55   -2.56   -2.36   -1.96   -1.36   -0.55    0.46    1.67    3.08    4.14     NaN     NaN
 190.0    2.74    1.62    0.30   -0.81   -1.72   -2.41   -2.90   -3.19   -3.27   -3.15   -2.82   -2.28   -1.54   -0.60    0.56    1.92    3.46    4.32     NaN
 195.0    2.72    1.53    0.12   -1.07   -2.05   -2.83   -3.39   -3.75   -3.90   -3.84   -3.57   -3.09   -2.41   -1.51   -0.41    0.91    2.44    3.90     NaN
 200.0    2.70    1.46   -0.03   -1.29   -2.35   -3.18   -3.81   -4.23   -4.43   -4.43   -4.21   -3.78   -3.15   -2.29   -1.23    0.05    1.54    3.25    4.31
 205.0    2.69    1.39   -0.15   -1.48   -2.59   -3.48   -4.16   -4.62   -4.88   -4.91   -4.74   -4.35   -3.75   -2.94   -1.91   -0.66    0.80    2.49    3.94
 210.0    2.68    1.34   -0.25   -1.62   -2.77   -3.71   -4.43   -4.93   -5.22   -5.30   -5.15   -4.80   -4.23   -3.44   -2.44   -1.21    0.23    1.89    3.38
 215.0    2.67    1.31   -0.32   -1.73   -2.91   -3.88   -4.63   -5.16   -5.47   -5.57   -5.45   -5.12   -4.57   -3.80   -2.82   -1.61   -0.19    1.46    2.94
 220.0    2.67    1.29   -0.36   -1.79   -2.99   -3.98   -4.75   -5.29   -5.62   -5.74   -5.63   -5.31   -4.78   -4.02   -3.05   -1.85   -0.44    1.20    2.67
 225.0    2.67    1.28   -0.38   -1.81   -3.02   -4.01   -4.79   -5.34   -5.68   -5.80   -5.70   -5.38   -4.85   -4.10   -3.13   -1.94   -0.53    1.11    2.58
 230.0    2.67    1.29   -0.37   -1.79   -3.00   -3.99   -4.75   -5.30   -5.63   -5.75   -5.65   -5.33   -4.79   -4.03   -3.06   -1.87   -0.45    1.19    2.65
 235.0    2.67    1.31   -0.33   -1.73   -2.92   -3.89   -4.64   -5.17   -5.49   -5.59   -5.48   -5.14   -4.60   -3.83   -2.84   -1.64   -0.22    1.43    2.90
 240.0    2.68    1.34   -0.26   -1.63   -2.79   -3.73   -4.45   -4.96   -5.25   -5.33   -5.19   -4.84   -4.27   -3.48   -2.48   -1.26    0.18    1.84    3.33
 245.0    2.69    1.39   -0.16   -1.49   -2.61   -3.50   -4.19   -4.66   -4.91   -4.96   -4.79   -4.40   -3.81   -2.99   -1.97   -0.72    0.74    2.42    3.89
 250.0    2.70    1.45   -0.04   -1.31   -2.37   -3.22   -3.85   -4.27   -4.48   -4.48   -4.27   -3.85   -3.21   -2.37   -1.31   -0.03    1.46    3.17    4.28
 255.0    2.72    1.52    0.11   -1.09   -2.09   -2.87   -3.44   -3.80   -3.96   -3.90   -3.64   -3.17   -2.49   -1.60   -0.50    0.81    2.34    3.85     NaN
 260.0    2.74    1.61    0.28   -0.84   -1.75   -2.46   -2.96   -3.25   -3.34   -3.22   -2.90   -2.37   -1.64   -0.69    0.45    1.81    3.37    4.29     NaN
 265.0    2.76    1.71    0.48   -0.55   -1.37   -1.99   -2.41   -2.62   -2.63   -2.44   -2.05   -1.45   -0.66    0.34    1.55    2.96    4.08     NaN     NaN
 270.0    2.77    1.79    0.65   -0.29   -1.04   -1.58   -1.92   -2.06   -2.01   -1.75   -1.30   -0.64    0.21    1.27    2.53    3.87    4.53     NaN     NaN
 275.0    2.76    1.72    0.50   -0.52   -1.33   -1.94   -2.35   -2.55   -2.56   -2.36   -1.96   -1.36   -0.55    0.46    1.67    3.08    4.14     NaN     NaN
 280.0    2.74    1.62    0.30   -0.81   -1.72   -2.41   -2.90   -3.19   -3.27   -3.15   -2.82   -2.28   -1.54   -0.60    0.56    1.92    3.46    4.32     NaN
 285.0    2.72    1.53    0.12   -1.07   -2.05   -2.83   -3.39   -3.75   -3.90   -3.84   -3.57   -3.09   -2.41   -1.51   -0.41    0.91    2.44    3.90     NaN
 290.0    2.70    1.46   -0.03   -1.29   -2.35   -3.18   -3.81   -4.23   -4.43   -4.43   -4.21   -3.78   -3.15   -2.29   -1.23    0.05    1.54    3.25    4.31
 295.0    2.69    1.39   -0.15   -1.48   -2.59   -3.48   -4.16   -4.62   -4.88   -4.91   -4.74   -4.35   -3.75   -2.94   -1.91   -0.66    0.80    2.49    3.94
 300.0    2.68    1.34   -0.25   -1.62   -2.77   -3.71   -4.43   -4.93   -5.22   -5.30   -5.15   -4.80   -4.23   -3.44   -2.44   -1.21    0.23    1.89    3.38
 305.0    2.67    1.31   -0.32   -1.73   -2.91   -3.88   -4.63   -5.16   -5.47   -5.57   -5.45   -5.12   -4.57   -3.80   -2.82   -1.61   -0.19    1.46    2.94
 310.0    2.67    1.29   -0.36   -1.79   -2.99   -3.98   -4.75   -5.29   -5.62   -5.74   -5.63   -5.31   -4.78   -4.02   -3.05   -1.85   -0.44    1.20    2.67
 315.0    2.67    1.28   -0.38   -1.81   -3.02   -4.01   -4.79   -5.34   -5.68   -5.80   -5.70   -5.38   -4.85   -4.10   -3.13   -1.94   -0.53    1.11    2.58
 320.0    2.67    1.29   -0.37   -1.79   -3.00   -3.99   -4.75   -5.30   -5.63   -5.75   -5.65   -5.33   -4.79   -4.03   -3.06   -1.87   -0.45    1.19    2.65
 325.0    2.67    1.31   -0.33   -1.73   -2.92   -3.89   -4.64   -5.17   -5.49   -5.59   -5.48   -5.14   -4.60   -3.83   -2.84   -1.64   -0.22    1.43    2.90
 330.0    2.68    1.34   -0.26   -1.63   -2.79   -3.73   -4.45   -4.96   -5.25   -5.33   -5.19   -4.84   -4.27   -3.48   -2.48   -1.26    0.18    1.84    3.33
 335.0    2.69    1.39   -0.16   -1.49   -2.61   -3.50   -4.19   -4.66   -4.91   -4.96   -4.79   -4.40   -3.81   -2.99   -1.97   -0.72    0.74    2.42    3.89
 340.0    2.70    1.45   -0.04   -1.31   -2.37   -3.22   -3.85   -4.27   -4.48   -4.48   -4.27   -3.85   -3.21   -2.37   -1.31   -0.03    1.46    3.17    4.28
 345.0    2.72    1.52    0.11   -1.09   -2.09   -2.87   -3.44   -3.80   -3.96   -3.90   -3.64   -3.17   -2.49   -1.60   -0.50    0.81    2.34    3.85     NaN
 350.0    2.74    1.61    0.28   -0.84   -1.75   -2.46   -2.96   -3.25   -3.34   -3.22   -2.90   -2.37   -1.64   -0.69    0.45    1.81    3.37    4.29     NaN
 355.0    2.76    1.71    0.48   -0.55   -1.37   -1.99   -2.41   -2.62   -2.63   -2.44   -2.05   -1.45   -0.66    0.34    1.55    2.96    4.08     NaN     NaN
 360.0    2.77    1.79    0.65   -0.29   -1.04   -1.58   -1.92   -2.06   -2.01   -1.75   -1.30   -0.64    0.21    1.27    2.53    3.86    4.53     NaN     NaN
END OF LRA