START OF LRA
   5.0                                                     DAZI
   0.0   90.0    5.0                                       ZEN1 / ZEN2 / DZEN
 849.8                                                     WAVELENGTH
   0.0    2.15    1.18    0.05   -0.87   -1.60   -2.14   -2.47   -2.61   -2.55   -2.29   -1.84   -1.18   -0.33    0.72    1.97    3.28     NaN     NaN     NaN
   5.0    2.14    1.10   -0.11   -1.11   -1.92   -2.52   -2.93   -3.13   -3.13   -2.94   -2.54   -1.94   -1.15   -0.15    1.05    2.46    3.50     NaN     NaN
  10.0    2.12    1.00   -0.30   -1.41   -2.30   -2.99   -3.48   -3.76   -3.84   -3.72   -3.39   -2.86   -2.13   -1.19   -0.05    1.30    2.83    3.69     NaN
  15.0    2.10    0.92   -0.48   -1.66   -2.64   -3.40   -3.96   -4.32   -4.46   -4.41   -4.14   -3.67   -2.99   -2.10   -1.01    0.30    1.82    3.27     NaN
  20.0    2.08    0.84   -0.63   -1.88   -2.92   -3.76   -4.38   -4.79   -5.00   -4.99   -4.78   -4.35   -3.72   -2.87   -1.82   -0.55    0.93    2.62    3.68
  25.0    2.07    0.78   -0.75   -2.06   -3.16   -4.05   -4.72   -5.18   -5.43   -5.47   -5.30   -4.91   -4.32   -3.51   -2.49   -1.25    0.20    1.87    3.31
  30.0    2.06    0.73   -0.85   -2.21   -3.35   -4.28   -4.99   -5.49   -5.78   -5.85   -5.71   -5.36   -4.79   -4.01   -3.01   -1.80   -0.37    1.28    2.75
  35.0    2.05    0.70   -0.92   -2.31   -3.48   -4.44   -5.18   -5.71   -6.02   -6.12   -6.01   -5.67   -5.13   -4.37   -3.39   -2.20   -0.78    0.85    2.31
  40.0    2.04    0.68   -0.96   -2.37   -3.57   -4.54   -5.30   -5.85   -6.17   -6.29   -6.19   -5.87   -5.33   -4.59   -3.62   -2.44   -1.03    0.59    2.05
  45.0    2.04    0.67   -0.97   -2.40   -3.60   -4.58   -5.35   -5.89   -6.23   -6.35   -6.25   -5.94   -5.41   -4.66   -3.70   -2.52   -1.12    0.50    1.96
  50.0    2.04    0.68   -0.96   -2.38   -3.57   -4.55   -5.31   -5.86   -6.18   -6.30   -6.20   -5.88   -5.35   -4.60   -3.63   -2.45   -1.05    0.58    2.03
  55.0    2.05    0.70   -0.92   -2.32   -3.50   -4.46   -5.20   -5.73   -6.04   -6.14   -6.03   -5.70   -5.15   -4.40   -3.42   -2.23   -0.82    0.82    2.28
  60.0    2.06    0.73   -0.85   -2.22   -3.37   -4.30   -5.01   -5.52   -5.81   -5.88   -5.74   -5.39   -4.83   -4.05   -3.06   -1.85   -0.42    1.23    2.70
  65.0    2.07    0.78   -0.76   -2.08   -3.18   -4.07   -4.75   -5.22   -5.47   -5.51   -5.35   -4.96   -4.37   -3.57   -2.55   -1.32    0.13    1.80    3.26
  70.0    2.08    0.84   -0.64   -1.90   -2.95   -3.79   -4.42   -4.83   -5.04   -5.04   -4.83   -4.41   -3.78   -2.94   -1.89   -0.63    0.85    2.54    3.65
  75.0    2.09    0.91   -0.49   -1.69   -2.67   -3.44   -4.01   -4.37   -4.52   -4.47   -4.21   -3.74   -3.07   -2.18   -1.09    0.21    1.72    3.22     NaN
  80.0    2.11    0.99   -0.32   -1.43   -2.34   -3.04   -3.53   -3.82   -3.91   -3.79   -3.47   -2.95   -2.22   -1.29   -0.15    1.20    2.74    3.65     NaN
  85.0    2.13    1.09   -0.13   -1.14   -1.96   -2.57   -2.98   -3.20   -3.21   -3.02   -2.63   -2.04   -1.25   -0.26    0.94    2.34    3.45     NaN     NaN
  90.0    2.15    1.18    0.04   -0.89   -1.63   -2.16   -2.50   -2.64   -2.59   -2.34   -1.89   -1.24   -0.39    0.66    1.90    3.24    3.89     NaN     NaN
  95.0    2.14    1.10   -0.11   -1.11   -1.92   -2.52   -2.93   -3.13   -3.13   -2.94   -2.54   -1.94   -1.15   -0.15    1.05    2.46    3.50     NaN     NaN
 100.0    2.12    1.00   -0.30   -1.41   -2.30   -2.99   -3.48   -3.76   -3.84   -3.72   -3.39   -2.86   -2.13   -1.19   -0.05    1.30    2.83    3.69     NaN
 105.0    2.10    0.92   -0.48   -1.66   -2.64   -3.40   -3.96   -4.32   -4.46   -4.41   -4.14   -3.67   -2.99   -2.10   -1.01    0.30    1.82    3.27     NaN
 110.0    2.08    0.84   -0.63   -1.88   -2.92   -3.76   -4.38   -4.79   -5.00   -4.99   -4.78   -4.35   -3.72   -2.87   -1.82   -0.55    0.93    2.62    3.68
 115.0    2.07    0.78   -0.75   -2.06   -3.16   -4.05   -4.72   -5.18   -5.43   -5.47   -5.30   -4.91   -4.32   -3.51   -2.49   -1.25    0.20    1.87    3.31
 120.0    2.06    0.73   -0.85   -2.21   -3.35   -4.28   -4.99   -5.49   -5.78   -5.85   -5.71   -5.36   -4.79   -4.01   -3.01   -1.80   -0.37    1.28    2.75
 125.0    2.05    0.70   -0.92   -2.31   -3.48   -4.44   -5.18   -5.71   -6.02   -6.12   -6.01   -5.67   -5.13   -4.37   -3.39   -2.20   -0.78    0.85    2.31
 130.0    2.04    0.68   -0.96   -2.37   -3.57   -4.54   -5.30   -5.85   -6.17   -6.29   -6.19   -5.87   -5.33   -4.59   -3.62   -2.44   -1.03    0.59    2.05
 135.0    2.04    0.67   -0.97   -2.40   -3.60   -4.58   -5.35   -5.89   -6.23   -6.35   -6.25   -5.94   -5.41   -4.66   -3.70   -2.52   -1.12    0.50    1.96
 140.0    2.04    0.68   -0.96   -2.38   -3.57   -4.55   -5.31   -5.86   -6.18   -6.30   -6.20   -5.88   -5.35   -4.60   -3.63   -2.45   -1.05    0.58    2.03
 145.0    2.05    0.70   -0.92   -2.32   -3.50   -4.46   -5.20   -5.73   -6.04   -6.14   -6.03   -5.70   -5.15   -4.40   -3.42   -2.23   -0.82    0.82    2.28
 150.0    2.06    0.73   -0.85   -2.22   -3.37   -4.30   -5.01   -5.52   -5.81   -5.88   -5.74   -5.39   -4.83   -4.05   -3.06   -1.85   -0.42    1.23    2.70
 155.0    2.07    0.78   -0.76   -2.08   -3.18   -4.07   -4.75   -5.22   -5.47   -5.51   -5.35   -4.96   -4.37   -3.57   -2.55   -1.32    0.13    1.80    3.26
 160.0    2.08    0.84   -0.64   -1.90   -2.95   -3.79   -4.42   -4.83   -5.04   -5.04   -4.83   -4.41   -3.78   -2.94   -1.89   -0.63    0.85    2.54    3.65
 165.0    2.09    0.91   -0.49   -1.69   -2.67   -3.44   -4.01   -4.37   -4.52   -4.47   -4.21   -3.74   -3.07   -2.18   -1.09    0.21    1.72    3.22     NaN
 170.0    2.11    0.99   -0.32   -1.43   -2.34   -3.04   -3.53   -3.82   -3.91   -3.79   -3.47   -2.95   -2.22   -1.29   -0.15    1.20    2.74    3.65     NaN
 175.0    2.13    1.09   -0.13   -1.14   -1.96   -2.57   -2.98   -3.20   -3.21   -3.02   -2.63   -2.04   -1.25   -0.26    0.94    2.34    3.45     NaN     NaN
 180.0    2.15    1.18    0.04   -0.89   -1.63   -2.16   -2.50   -2.64   -2.59   -2.34   -1.89   -1.24   -0.39    0.66    1.90    3.24    3.89     NaN     NaN
 185.0    2.14    1.10   -0.11   -1.11   -1.92   -2.52   -2.93   -3.13   -3.13   -2.94   -2.54   -1.94   -1.15   -0.15    1.05    2.46    3.50     NaN     NaN
 190.0    2.12    1.00   -0.30   -1.41   -2.30   -2.99   -3.48   -3.76   -3.84   -3.72   -3.39   -2.86   -2.13   -1.19   -0.05    1.30    2.83    3.69     NaN
 195.0    2.10    0.92   -0.48   -1.66   -2.64   -3.40   -3.96   -4.32   -4.46   -4.41   -4.14   -3.67   -2.99   -2.10   -1.01    0.30    1.82    3.27     NaN
 200.0    2.08    0.84   -0.63   -1.88   -2.92   -3.76   -4.38   -4.79   -5.00   -4.99   -4.78   -4.35   -3.72   -2.87   -1.82   -0.55    0.93    2.62    3.68
 205.0    2.07    0.78   -0.75   -2.06   -3.16   -4.05   -4.72   -5.18   -5.43   -5.47   -5.30   -4.91   -4.32   -3.51   -2.49   -1.25    0.20    1.87    3.31
 210.0    2.06    0.73   -0.85   -2.21   -3.35   -4.28   -4.99   -5.49   -5.78   -5.85   -5.71   -5.36   -4.79   -4.01   -3.01   -1.80   -0.37    1.28    2.75
 215.0    2.05    0.70   -0.92   -2.31   -3.48   -4.44   -5.18   -5.71   -6.02   -6.12   -6.01   -5.67   -5.13   -4.37   -3.39   -2.20   -0.78    0.85    2.31
 220.0    2.04    0.68   -0.96   -2.37   -3.57   -4.54   -5.30   -5.85   -6.17   -6.29   -6.19   -5.87   -5.33   -4.59   -3.62   -2.44   -1.03    0.59    2.05
 225.0    2.04    0.67   -0.97   -2.40   -3.60   -4.58   -5.35   -5.89   -6.23   -6.35   -6.25   -5.94   -5.41   -4.66   -3.70   -2.52   -1.12    0.50    1.96
 230.0    2.04    0.68   -0.96   -2.38   -3.57   -4.55   -5.31   -5.86   -6.18   -6.30   -6.20   -5.88   -5.35   -4.60   -3.63   -2.45   -1.05    0.58    2.03
 235.0    2.05    0.70   -0.92   -2.32   -3.50   -4.46   -5.20   -5.73   -6.04   -6.14   -6.03   -5.70   -5.15   -4.40   -3.42   -2.23   -0.82    0.82    2.28
 240.0    2.06    0.73   -0.85   -2.22   -3.37   -4.30   -5.01   -5.52   -5.81   -5.88   -5.74   -5.39   -4.83   -4.05   -3.06   -1.85   -0.42    1.23    2.70
 245.0    2.07    0.78   -0.76   -2.08   -3.18   -4.07   -4.75   -5.22   -5.47   -5.51   -5.35   -4.96   -4.37   -3.57   -2.55   -1.32    0.13    1.80    3.26
 250.0    2.08    0.84   -0.64   -1.90   -2.95   -3.79   -4.42   -4.83   -5.04   -5.04   -4.83   -4.41   -3.78   -2.94   -1.89   -0.63    0.85    2.54    3.65
 255.0    2.09    0.91   -0.49   -1.69   -2.67   -3.44   -4.01   -4.37   -4.52   -4.47   -4.21   -3.74   -3.07   -2.18   -1.09    0.21    1.72    3.22     NaN
 260.0    2.11    0.99   -0.32   -1.43   -2.34   -3.04   -3.53   -3.82   -3.91   -3.79   -3.47   -2.95   -2.22   -1.29   -0.15    1.20    2.74    3.65     NaN
 265.0    2.13    1.09   -0.13   -1.14   -1.96   -2.57   -2.98   -3.20   -3.21   -3.02   -2.63   -2.04   -1.25   -0.26    0.94    2.34    3.45     NaN     NaN
 270.0    2.15    1.18    0.04   -0.89   -1.63   -2.16   -2.50   -2.64   -2.59   -2.34   -1.89   -1.24   -0.39    0.66    1.90    3.24    3.89     NaN     NaN
 275.0    2.14    1.10   -0.11   -1.11   -1.92   -2.52   -2.93   -3.13   -3.13   -2.94   -2.54   -1.94   -1.15   -0.15    1.05    2.46    3.50     NaN     NaN
 280.0    2.12    1.00   -0.30   -1.41   -2.30   -2.99   -3.48   -3.76   -3.84   -3.72   -3.39   -2.86   -2.13   -1.19   -0.05    1.30    2.83    3.69     NaN
 285.0    2.10    0.92   -0.48   -1.66   -2.64   -3.40   -3.96   -4.32   -4.46   -4.41   -4.14   -3.67   -2.99   -2.10   -1.01    0.30    1.82    3.27     NaN
 290.0    2.08    0.84   -0.63   -1.88   -2.92   -3.76   -4.38   -4.79   -5.00   -4.99   -4.78   -4.35   -3.72   -2.87   -1.82   -0.55    0.93    2.62    3.68
 295.0    2.07    0.78   -0.75   -2.06   -3.16   -4.05   -4.72   -5.18   -5.43   -5.47   -5.30   -4.91   -4.32   -3.51   -2.49   -1.25    0.20    1.87    3.31
 300.0    2.06    0.73   -0.85   -2.21   -3.35   -4.28   -4.99   -5.49   -5.78   -5.85   -5.71   -5.36   -4.79   -4.01   -3.01   -1.80   -0.37    1.28    2.75
 305.0    2.05    0.70   -0.92   -2.31   -3.48   -4.44   -5.18   -5.71   -6.02   -6.12   -6.01   -5.67   -5.13   -4.37   -3.39   -2.20   -0.78    0.85    2.31
 310.0    2.04    0.68   -0.96   -2.37   -3.57   -4.54   -5.30   -5.85   -6.17   -6.29   -6.19   -5.87   -5.33   -4.59   -3.62   -2.44   -1.03    0.59    2.05
 315.0    2.04    0.67   -0.97   -2.40   -3.60   -4.58   -5.35   -5.89   -6.23   -6.35   -6.25   -5.94   -5.41   -4.66   -3.70   -2.52   -1.12    0.50    1.96
 320.0    2.04    0.68   -0.96   -2.38   -3.57   -4.55   -5.31   -5.86   -6.18   -6.30   -6.20   -5.88   -5.35   -4.60   -3.63   -2.45   -1.05    0.58    2.03
 325.0    2.05    0.70   -0.92   -2.32   -3.50   -4.46   -5.20   -5.73   -6.04   -6.14   -6.03   -5.70   -5.15   -4.40   -3.42   -2.23   -0.82    0.82    2.28
 330.0    2.06    0.73   -0.85   -2.22   -3.37   -4.30   -5.01   -5.52   -5.81   -5.88   -5.74   -5.39   -4.83   -4.05   -3.06   -1.85   -0.42    1.23    2.70
 335.0    2.07    0.78   -0.76   -2.08   -3.18   -4.07   -4.75   -5.22   -5.47   -5.51   -5.35   -4.96   -4.37   -3.57   -2.55   -1.32    0.13    1.80    3.26
 340.0    2.08    0.84   -0.64   -1.90   -2.95   -3.79   -4.42   -4.83   -5.04   -5.04   -4.83   -4.41   -3.78   -2.94   -1.89   -0.63    0.85    2.54    3.65
 345.0    2.09    0.91   -0.49   -1.69   -2.67   -3.44   -4.01   -4.37   -4.52   -4.47   -4.21   -3.74   -3.07   -2.18   -1.09    0.21    1.72    3.22     NaN
 350.0    2.11    0.99   -0.32   -1.43   -2.34   -3.04   -3.53   -3.82   -3.91   -3.79   -3.47   -2.95   -2.22   -1.29   -0.15    1.20    2.74    3.65     NaN
 355.0    2.13    1.09   -0.13   -1.14   -1.96   -2.57   -2.98   -3.20   -3.21   -3.02   -2.63   -2.04   -1.25   -0.26    0.94    2.34    3.45     NaN     NaN
 360.0    2.15    1.18    0.04   -0.89   -1.63   -2.16   -2.50   -2.64   -2.59   -2.34   -1.88   -1.24   -0.39    0.66    1.90    3.23    3.89     NaN     NaN
END OF LRA