START OF LRA
   5.0                                                     DAZI
   0.0   90.0    5.0                                       ZEN1 / ZEN2 / DZEN
 849.8                                                     WAVELENGTH
   0.0  -49.56  -49.32  -48.58  -47.33  -45.58  -43.84  -45.38  -47.17  -48.47  -49.26  -49.54  -49.31  -48.57  -47.32  -45.57  -43.33  -40.61  -37.42  -34.54
   5.0  -49.56  -49.32  -48.58  -47.33  -45.58  -43.81  -45.29  -47.07  -48.35  -49.13  -49.40  -49.16  -48.41  -47.16  -45.40  -43.16  -40.43  -37.23  -34.36
  10.0  -49.56  -49.32  -48.58  -47.33  -45.58  -43.71  -45.00  -46.74  -47.99  -48.73  -48.97  -48.70  -47.92  -46.64  -44.87  -42.60  -39.86  -36.65  -33.77
  15.0  -49.56  -49.32  -48.58  -47.33  -45.58  -43.54  -44.52  -46.20  -47.38  -48.06  -48.24  -47.92  -47.10  -45.78  -43.97  -41.67  -38.90  -35.68  -32.79
  20.0  -49.56  -49.32  -48.58  -47.33  -45.58  -43.30  -43.86  -45.43  -46.52  -47.12  -47.22  -46.83  -45.94  -44.56  -42.70  -40.37  -37.56  -34.31  -31.41
  25.0  -49.56  -49.32  -48.58  -47.33  -45.58  -43.27  -43.78  -45.35  -46.43  -47.01  -47.11  -46.70  -45.81  -44.42  -42.56  -40.21  -37.41  -34.15  -31.25
  30.0  -49.56  -49.32  -48.58  -47.33  -45.58  -43.52  -44.47  -46.13  -47.31  -47.98  -48.15  -47.83  -47.00  -45.67  -43.86  -41.56  -38.79  -35.56  -32.67
  35.0  -49.56  -49.32  -48.58  -47.33  -45.58  -43.69  -44.96  -46.70  -47.94  -48.68  -48.91  -48.64  -47.86  -46.57  -44.79  -42.53  -39.78  -36.57  -33.69
  40.0  -49.56  -49.32  -48.58  -47.33  -45.58  -43.80  -45.27  -47.05  -48.33  -49.11  -49.37  -49.13  -48.38  -47.12  -45.37  -43.12  -40.39  -37.19  -34.32
  45.0  -49.56  -49.32  -48.58  -47.33  -45.58  -43.84  -45.37  -47.17  -48.47  -49.26  -49.54  -49.31  -48.57  -47.32  -45.57  -43.33  -40.61  -37.41  -34.54
  50.0  -49.56  -49.32  -48.58  -47.33  -45.58  -43.81  -45.29  -47.07  -48.35  -49.13  -49.40  -49.16  -48.41  -47.16  -45.40  -43.16  -40.43  -37.23  -34.36
  55.0  -49.56  -49.32  -48.58  -47.33  -45.58  -43.71  -45.00  -46.74  -47.99  -48.73  -48.97  -48.70  -47.92  -46.64  -44.87  -42.60  -39.86  -36.65  -33.77
  60.0  -49.56  -49.32  -48.58  -47.33  -45.58  -43.54  -44.52  -46.20  -47.38  -48.06  -48.24  -47.92  -47.10  -45.78  -43.97  -41.67  -38.90  -35.68  -32.79
  65.0  -49.56  -49.32  -48.58  -47.33  -45.58  -43.30  -43.86  -45.43  -46.52  -47.12  -47.22  -46.83  -45.94  -44.56  -42.70  -40.37  -37.56  -34.31  -31.41
  70.0  -49.56  -49.32  -48.58  -47.33  -45.58  -43.27  -43.78  -45.35  -46.43  -47.01  -47.11  -46.70  -45.81  -44.42  -42.56  -40.21  -37.41  -34.15  -31.25
  75.0  -49.56  -49.32  -48.58  -47.33  -45.58  -43.52  -44.47  -46.13  -47.31  -47.98  -48.15  -47.83  -47.00  -45.67  -43.86  -41.56  -38.79  -35.56  -32.67
  80.0  -49.56  -49.32  -48.58  -47.33  -45.58  -43.69  -44.96  -46.70  -47.94  -48.68  -48.91  -48.64  -47.86  -46.57  -44.79  -42.53  -39.78  -36.57  -33.69
  85.0  -49.56  -49.32  -48.58  -47.33  -45.58  -43.80  -45.27  -47.05  -48.33  -49.11  -49.37  -49.13  -48.38  -47.12  -45.37  -43.12  -40.39  -37.19  -34.32
  90.0  -49.56  -49.32  -48.58  -47.33  -45.58  -43.84  -45.37  -47.17  -48.47  -49.26  -49.54  -49.31  -48.57  -47.32  -45.57  -43.33  -40.61  -37.41  -34.54
  95.0  -49.56  -49.32  -48.58  -47.33  -45.58  -43.81  -45.29  -47.07  -48.35  -49.13  -49.40  -49.16  -48.41  -47.16  -45.40  -43.16  -40.43  -37.23  -34.36
 100.0  -49.56  -49.32  -48.58  -47.33  -45.58  -43.71  -45.00  -46.74  -47.99  -48.73  -48.97  -48.70  -47.92  -46.64  -44.87  -42.60  -39.86  -36.65  -33.77
 105.0  -49.56  -49.32  -48.58  -47.33  -45.58  -43.54  -44.52  -46.20  -47.38  -48.06  -48.24  -47.92  -47.10  -45.78  -43.97  -41.67  -38.90  -35.68  -32.79
 110.0  -49.56  -49.32  -48.58  -47.33  -45.58  -43.30  -43.86  -45.43  -46.52  -47.12  -47.22  -46.83  -45.94  -44.56  -42.70  -40.37  -37.56  -34.31  -31.41
 115.0  -49.56  -49.32  -48.58  -47.33  -45.58  -43.27  -43.78  -45.35  -46.43  -47.01  -47.11  -46.70  -45.81  -44.42  -42.56  -40.21  -37.41  -34.15  -31.25
 120.0  -49.56  -49.32  -48.58  -47.33  -45.58  -43.52  -44.47  -46.13  -47.31  -47.98  -48.15  -47.83  -47.00  -45.67  -43.86  -41.56  -38.79  -35.56  -32.67
 125.0  -49.56  -49.32  -48.58  -47.33  -45.58  -43.69  -44.96  -46.70  -47.94  -48.68  -48.91  -48.64  -47.86  -46.57  -44.79  -42.53  -39.78  -36.57  -33.69
 130.0  -49.56  -49.32  -48.58  -47.33  -45.58  -43.80  -45.27  -47.05  -48.33  -49.11  -49.37  -49.13  -48.38  -47.12  -45.37  -43.12  -40.39  -37.19  -34.32
 135.0  -49.56  -49.32  -48.58  -47.33  -45.58  -43.84  -45.37  -47.17  -48.47  -49.26  -49.54  -49.31  -48.57  -47.32  -45.57  -43.33  -40.61  -37.41  -34.54
 140.0  -49.56  -49.32  -48.58  -47.33  -45.58  -43.81  -45.29  -47.07  -48.35  -49.13  -49.40  -49.16  -48.41  -47.16  -45.40  -43.16  -40.43  -37.23  -34.36
 145.0  -49.56  -49.32  -48.58  -47.33  -45.58  -43.71  -45.00  -46.74  -47.99  -48.73  -48.97  -48.70  -47.92  -46.64  -44.87  -42.60  -39.86  -36.65  -33.77
 150.0  -49.56  -49.32  -48.58  -47.33  -45.58  -43.54  -44.52  -46.20  -47.38  -48.06  -48.24  -47.92  -47.10  -45.78  -43.97  -41.67  -38.90  -35.68  -32.79
 155.0  -49.56  -49.32  -48.58  -47.33  -45.58  -43.30  -43.86  -45.43  -46.52  -47.12  -47.22  -46.83  -45.94  -44.56  -42.70  -40.37  -37.56  -34.31  -31.41
 160.0  -49.56  -49.32  -48.58  -47.33  -45.58  -43.27  -43.78  -45.35  -46.43  -47.01  -47.11  -46.70  -45.81  -44.42  -42.56  -40.21  -37.41  -34.15  -31.25
 165.0  -49.56  -49.32  -48.58  -47.33  -45.58  -43.52  -44.47  -46.13  -47.31  -47.98  -48.15  -47.83  -47.00  -45.67  -43.86  -41.56  -38.79  -35.56  -32.67
 170.0  -49.56  -49.32  -48.58  -47.33  -45.58  -43.69  -44.96  -46.70  -47.94  -48.68  -48.91  -48.64  -47.86  -46.57  -44.79  -42.53  -39.78  -36.57  -33.69
 175.0  -49.56  -49.32  -48.58  -47.33  -45.58  -43.80  -45.27  -47.05  -48.33  -49.11  -49.37  -49.13  -48.38  -47.12  -45.37  -43.12  -40.39  -37.19  -34.32
 180.0  -49.56  -49.32  -48.58  -47.33  -45.58  -43.84  -45.37  -47.17  -48.47  -49.26  -49.54  -49.31  -48.57  -47.32  -45.57  -43.33  -40.61  -37.41  -34.54
 185.0  -49.56  -49.32  -48.58  -47.33  -45.58  -43.81  -45.29  -47.07  -48.35  -49.13  -49.40  -49.16  -48.41  -47.16  -45.40  -43.16  -40.43  -37.23  -34.36
 190.0  -49.56  -49.32  -48.58  -47.33  -45.58  -43.71  -45.00  -46.74  -47.99  -48.73  -48.97  -48.70  -47.92  -46.64  -44.87  -42.60  -39.86  -36.65  -33.77
 195.0  -49.56  -49.32  -48.58  -47.33  -45.58  -43.54  -44.52  -46.20  -47.38  -48.06  -48.24  -47.92  -47.10  -45.78  -43.97  -41.67  -38.90  -35.68  -32.79
 200.0  -49.56  -49.32  -48.58  -47.33  -45.58  -43.30  -43.86  -45.43  -46.52  -47.12  -47.22  -46.83  -45.94  -44.56  -42.70  -40.37  -37.56  -34.31  -31.41
 205.0  -49.56  -49.32  -48.58  -47.33  -45.58  -43.27  -43.78  -45.35  -46.43  -47.01  -47.11  -46.70  -45.81  -44.42  -42.56  -40.21  -37.41  -34.15  -31.25
 210.0  -49.56  -49.32  -48.58  -47.33  -45.58  -43.52  -44.47  -46.13  -47.31  -47.98  -48.15  -47.83  -47.00  -45.67  -43.86  -41.56  -38.79  -35.56  -32.67
 215.0  -49.56  -49.32  -48.58  -47.33  -45.58  -43.69  -44.96  -46.70  -47.94  -48.68  -48.91  -48.64  -47.86  -46.57  -44.79  -42.53  -39.78  -36.57  -33.69
 220.0  -49.56  -49.32  -48.58  -47.33  -45.58  -43.80  -45.27  -47.05  -48.33  -49.11  -49.37  -49.13  -48.38  -47.12  -45.37  -43.12  -40.39  -37.19  -34.32
 225.0  -49.56  -49.32  -48.58  -47.33  -45.58  -43.84  -45.37  -47.17  -48.47  -49.26  -49.54  -49.31  -48.57  -47.32  -45.57  -43.33  -40.61  -37.41  -34.54
 230.0  -49.56  -49.32  -48.58  -47.33  -45.58  -43.81  -45.29  -47.07  -48.35  -49.13  -49.40  -49.16  -48.41  -47.16  -45.40  -43.16  -40.43  -37.23  -34.36
 235.0  -49.56  -49.32  -48.58  -47.33  -45.58  -43.71  -45.00  -46.74  -47.99  -48.73  -48.97  -48.70  -47.92  -46.64  -44.87  -42.60  -39.86  -36.65  -33.77
 240.0  -49.56  -49.32  -48.58  -47.33  -45.58  -43.54  -44.52  -46.20  -47.38  -48.06  -48.24  -47.92  -47.10  -45.78  -43.97  -41.67  -38.90  -35.68  -32.79
 245.0  -49.56  -49.32  -48.58  -47.33  -45.58  -43.30  -43.86  -45.43  -46.52  -47.12  -47.22  -46.83  -45.94  -44.56  -42.70  -40.37  -37.56  -34.31  -31.41
 250.0  -49.56  -49.32  -48.58  -47.33  -45.58  -43.27  -43.78  -45.35  -46.43  -47.01  -47.11  -46.70  -45.81  -44.42  -42.56  -40.21  -37.41  -34.15  -31.25
 255.0  -49.56  -49.32  -48.58  -47.33  -45.58  -43.52  -44.47  -46.13  -47.31  -47.98  -48.15  -47.83  -47.00  -45.67  -43.86  -41.56  -38.79  -35.56  -32.67
 260.0  -49.56  -49.32  -48.58  -47.33  -45.58  -43.69  -44.96  -46.70  -47.94  -48.68  -48.91  -48.64  -47.86  -46.57  -44.79  -42.53  -39.78  -36.57  -33.69
 265.0  -49.56  -49.32  -48.58  -47.33  -45.58  -43.80  -45.27  -47.05  -48.33  -49.11  -49.37  -49.13  -48.38  -47.12  -45.37  -43.12  -40.39  -37.19  -34.32
 270.0  -49.56  -49.32  -48.58  -47.33  -45.58  -43.84  -45.37  -47.17  -48.47  -49.26  -49.54  -49.31  -48.57  -47.32  -45.57  -43.33  -40.61  -37.41  -34.54
 275.0  -49.56  -49.32  -48.58  -47.33  -45.58  -43.81  -45.29  -47.07  -48.35  -49.13  -49.40  -49.16  -48.41  -47.16  -45.40  -43.16  -40.43  -37.23  -34.36
 280.0  -49.56  -49.32  -48.58  -47.33  -45.58  -43.71  -45.00  -46.74  -47.99  -48.73  -48.97  -48.70  -47.92  -46.64  -44.87  -42.60  -39.86  -36.65  -33.77
 285.0  -49.56  -49.32  -48.58  -47.33  -45.58  -43.54  -44.52  -46.20  -47.38  -48.06  -48.24  -47.92  -47.10  -45.78  -43.97  -41.67  -38.90  -35.68  -32.79
 290.0  -49.56  -49.32  -48.58  -47.33  -45.58  -43.30  -43.86  -45.43  -46.52  -47.12  -47.22  -46.83  -45.94  -44.56  -42.70  -40.37  -37.56  -34.31  -31.41
 295.0  -49.56  -49.32  -48.58  -47.33  -45.58  -43.27  -43.78  -45.35  -46.43  -47.01  -47.11  -46.70  -45.81  -44.42  -42.56  -40.21  -37.41  -34.15  -31.25
 300.0  -49.56  -49.32  -48.58  -47.33  -45.58  -43.52  -44.47  -46.13  -47.31  -47.98  -48.15  -47.83  -47.00  -45.67  -43.86  -41.56  -38.79  -35.56  -32.67
 305.0  -49.56  -49.32  -48.58  -47.33  -45.58  -43.69  -44.96  -46.70  -47.94  -48.68  -48.91  -48.64  -47.86  -46.57  -44.79  -42.53  -39.78  -36.57  -33.69
 310.0  -49.56  -49.32  -48.58  -47.33  -45.58  -43.80  -45.27  -47.05  -48.33  -49.11  -49.37  -49.13  -48.38  -47.12  -45.37  -43.12  -40.39  -37.19  -34.32
 315.0  -49.56  -49.32  -48.58  -47.33  -45.58  -43.84  -45.37  -47.17  -48.47  -49.26  -49.54  -49.31  -48.57  -47.32  -45.57  -43.33  -40.61  -37.41  -34.54
 320.0  -49.56  -49.32  -48.58  -47.33  -45.58  -43.81  -45.29  -47.07  -48.35  -49.13  -49.40  -49.16  -48.41  -47.16  -45.40  -43.16  -40.43  -37.23  -34.36
 325.0  -49.56  -49.32  -48.58  -47.33  -45.58  -43.71  -45.00  -46.74  -47.99  -48.73  -48.97  -48.70  -47.92  -46.64  -44.87  -42.60  -39.86  -36.65  -33.77
 330.0  -49.56  -49.32  -48.58  -47.33  -45.58  -43.54  -44.52  -46.20  -47.38  -48.06  -48.24  -47.92  -47.10  -45.78  -43.97  -41.67  -38.90  -35.68  -32.79
 335.0  -49.56  -49.32  -48.58  -47.33  -45.58  -43.30  -43.86  -45.43  -46.52  -47.12  -47.22  -46.83  -45.94  -44.56  -42.70  -40.37  -37.56  -34.31  -31.41
 340.0  -49.56  -49.32  -48.58  -47.33  -45.58  -43.27  -43.78  -45.35  -46.43  -47.01  -47.11  -46.70  -45.81  -44.42  -42.56  -40.21  -37.41  -34.15  -31.25
 345.0  -49.56  -49.32  -48.58  -47.33  -45.58  -43.52  -44.47  -46.13  -47.31  -47.98  -48.15  -47.83  -47.00  -45.67  -43.86  -41.56  -38.79  -35.56  -32.67
 350.0  -49.56  -49.32  -48.58  -47.33  -45.58  -43.69  -44.96  -46.70  -47.94  -48.68  -48.91  -48.64  -47.86  -46.57  -44.79  -42.53  -39.78  -36.57  -33.69
 355.0  -49.56  -49.32  -48.58  -47.33  -45.58  -43.80  -45.27  -47.05  -48.33  -49.11  -49.37  -49.13  -48.38  -47.12  -45.37  -43.12  -40.39  -37.19  -34.32
 360.0  -49.56  -49.32  -48.58  -47.33  -45.58  -43.84  -45.37  -47.17  -48.46  -49.25  -49.53  -49.30  -48.56  -47.31  -45.57  -43.32  -40.60  -37.41  -34.53
END OF LRA